Wavelength	MM900007.asd
350	 5.75497722841811E-02 
351	 6.58316846834564E-02 
352	 6.39962297444106E-02 
353	 5.19636564437333E-02 
354	 5.29021322117386E-02 
355	 5.49501401118508E-02 
356	 5.70834079585853E-02 
357	 6.04826411736866E-02 
358	 6.58897469464137E-02 
359	 6.12594745422425E-02 
360	 5.32047575503623E-02 
361	 5.80348383712414E-02 
362	 0.060885802385551 
363	 6.08844913621836E-02 
364	 6.00534966580704E-02 
365	 6.23222961952644E-02 
366	 5.86776806028303E-02 
367	 5.56496349563776E-02 
368	 5.95401716792277E-02 
369	 5.79879112586501E-02 
370	 5.96888285785003E-02 
371	 6.33444818718369E-02 
372	 6.13306527924468E-02 
373	 6.00686276416974E-02 
374	 0.061124005227316 
375	 6.37210365998415E-02 
376	 6.45235742794113E-02 
377	 6.21434828978914E-02 
378	 6.13349328601897E-02 
379	 6.57999917651506E-02 
380	 6.70670780105061E-02 
381	 6.51566000206252E-02 
382	 6.32421119675854E-02 
383	 6.59287004397613E-02 
384	 6.70714209961723E-02 
385	 6.62696851720222E-02 
386	 6.50895337627972E-02 
387	 6.71982901880829E-02 
388	 6.85273551337149E-02 
389	 6.89954722639961E-02 
390	 6.96505931544826E-02 
391	 7.03044819900059E-02 
392	 0.070798112990211 
393	 7.14223657643909E-02 
394	 7.26768089054627E-02 
395	 7.16207514164484E-02 
396	 7.06035736461944E-02 
397	 7.13359769461332E-02 
398	 7.23726395216216E-02 
399	 7.39986081131636E-02 
400	 7.53532731287704E-02 
401	 7.54966653400999E-02 
402	 7.52003334477774E-02 
403	 7.58079293743742E-02 
404	 7.67026376969113E-02 
405	 7.54712455771498E-02 
406	 7.59069583221768E-02 
407	 7.72089721429092E-02 
408	 0.077955175798827 
409	 7.74142469433667E-02 
410	 7.76900100819852E-02 
411	 7.86475526016291E-02 
412	 7.91685542968152E-02 
413	 7.95127723985654E-02 
414	 7.98441103162627E-02 
415	 0.080377248065358 
416	 8.14370685885321E-02 
417	 8.10689667409684E-02 
418	 8.03064334063376E-02 
419	 8.05221868345564E-02 
420	 8.17549577949815E-02 
421	 0.081915529345332 
422	 8.16645261410691E-02 
423	 8.30885136659375E-02 
424	 8.30303707754217E-02 
425	 8.24894973311951E-02 
426	 8.23746525460123E-02 
427	 8.24645679264731E-02 
428	 8.25197636914645E-02 
429	 8.24714448994813E-02 
430	 8.23527546198582E-02 
431	 8.23616751455283E-02 
432	 8.21030119993243E-02 
433	 8.18555247929832E-02 
434	 8.24868298091932E-02 
435	 8.25329531053013E-02 
436	 8.21839011789855E-02 
437	 8.19092010504001E-02 
438	 8.20189478884601E-02 
439	 8.20114392450316E-02 
440	 8.19226023773453E-02 
441	 8.20130194666061E-02 
442	 8.19165182979221E-02 
443	 8.22459761909899E-02 
444	 8.29339810839515E-02 
445	 8.27600273625078E-02 
446	 8.29251511257755E-02 
447	 8.32038212997641E-02 
448	 8.32321943295837E-02 
449	 8.38962207568427E-02 
450	 8.44640156095417E-02 
451	 8.47140900406161E-02 
452	 8.49061237876957E-02 
453	 8.51289987604873E-02 
454	 0.085280109259957 
455	 8.53555783548648E-02 
456	 8.56763423514581E-02 
457	 8.62298603662767E-02 
458	 8.65919310757331E-02 
459	 8.63095348194326E-02 
460	 8.62194680251859E-02 
461	 8.63387019419649E-02 
462	 8.65579132159157E-02 
463	 8.67105040203633E-02 
464	 8.69087419589948E-02 
465	 8.71840187434245E-02 
466	 8.74823182458494E-02 
467	 8.75135585159513E-02 
468	 8.74544111570086E-02 
469	 8.74045714304799E-02 
470	 8.73951052398521E-02 
471	 8.75671861258635E-02 
472	 8.77640629841236E-02 
473	 8.78572315754984E-02 
474	 8.78841544906279E-02 
475	 8.80445292209276E-02 
476	 8.82064941754654E-02 
477	 8.81381811611613E-02 
478	 8.80743203684514E-02 
479	 8.80075863990001E-02 
480	 8.80123680418436E-02 
481	 8.83098322815255E-02 
482	 8.85386662747602E-02 
483	 8.85811900511227E-02 
484	 8.84844139821194E-02 
485	 8.86256139279273E-02 
486	 8.86935289624396E-02 
487	 8.87190487610299E-02 
488	 8.89978681407892E-02 
489	 8.90884374222147E-02 
490	 8.90995325135735E-02 
491	 8.91652421321105E-02 
492	 0.089259610605214 
493	 8.91180111747332E-02 
494	 8.89447327923467E-02 
495	 8.90955487652297E-02 
496	 8.92093621950284E-02 
497	 8.92009326903069E-02 
498	 8.91577073112451E-02 
499	 8.93888734703216E-02 
500	 8.93860327713192E-02 
501	 8.93166000036363E-02 
502	 0.089437884975714 
503	 8.94515707793272E-02 
504	 8.95530111372586E-02 
505	 8.96637162442276E-02 
506	 8.94757019372199E-02 
507	 8.95687032160915E-02 
508	 8.97406354424532E-02 
509	 0.089747048727348 
510	 8.96270647982225E-02 
511	 8.96739003039721E-02 
512	 8.97711392902188E-02 
513	 8.96374139163642E-02 
514	 8.96913621051761E-02 
515	 8.97815687639175E-02 
516	 0.089817578469785 
517	 0.089932221249952 
518	 8.99553807191112E-02 
519	 8.99088022991579E-02 
520	 8.98989020692575E-02 
521	 9.01333677775769E-02 
522	 9.01638233201414E-02 
523	 8.99621498010411E-02 
524	 8.99655704381414E-02 
525	 9.00154086963532E-02 
526	 9.00573948715676E-02 
527	 9.00928932296779E-02 
528	 9.02664432296657E-02 
529	 9.02859307404378E-02 
530	 9.02183711762429E-02 
531	 9.03354149475651E-02 
532	 9.02803570046475E-02 
533	 0.090346978972153 
534	 9.06289960170685E-02 
535	 9.06161681429304E-02 
536	 9.05764003035413E-02 
537	 9.06351067554479E-02 
538	 9.08192768620906E-02 
539	 9.08454033583305E-02 
540	 9.08336771372339E-02 
541	 9.08796866550857E-02 
542	 9.10031602905168E-02 
543	 9.10740918870551E-02 
544	 9.11199971627151E-02 
545	 9.11961931371209E-02 
546	 9.12743998322389E-02 
547	 9.13501184628821E-02 
548	 9.14531402272995E-02 
549	 9.16330420000182E-02 
550	 9.17550546394203E-02 
551	 9.18059827037923E-02 
552	 9.18502097198867E-02 
553	 9.21083045294756E-02 
554	 9.22515259517587E-02 
555	 9.22847481896267E-02 
556	 9.23869956116915E-02 
557	 9.25601964547359E-02 
558	 9.27675032662947E-02 
559	 9.29870655064257E-02 
560	 9.32364300989825E-02 
561	 9.34761477818781E-02 
562	 9.37880154589566E-02 
563	 9.42419384225296E-02 
564	 9.46147150216771E-02 
565	 0.094970606068873 
566	 9.53647704612602E-02 
567	 9.58202237899738E-02 
568	 9.62422588454466E-02 
569	 9.65521122471049E-02 
570	 9.67348019689799E-02 
571	 0.096934141641548 
572	 9.72424213229357E-02 
573	 9.77110446555917E-02 
574	 9.83307223588393E-02 
575	 9.87782952949898E-02 
576	 9.92411706986108E-02 
577	 0.099836701429639 
578	 0.100322075840488 
579	 0.100980543564868 
580	 0.101799825616012 
581	 0.102638585692963 
582	 0.103431604246259 
583	 0.1042413172051 
584	 0.105085398687029 
585	 0.105901741299493 
586	 0.106741404187652 
587	 0.107658082716699 
588	 0.108656431158658 
589	 0.109544884279441 
590	 0.110408113953366 
591	 0.111252761287416 
592	 0.112013569599376 
593	 0.112747340526659 
594	 0.113453287390929 
595	 0.114160322421049 
596	 0.115012500706812 
597	 0.115904767537832 
598	 0.116824396621083 
599	 0.117807115246263 
600	 0.118819409242214 
601	 0.119788628939089 
602	 0.120681428093399 
603	 0.121538832627639 
604	 0.122420513291003 
605	 0.123307994864559 
606	 0.124154965650079 
607	 0.124958078881822 
608	 0.125708348937436 
609	 0.126408908687732 
610	 0.127078779306615 
611	 0.127781444687775 
612	 0.128512186601927 
613	 0.129221577500693 
614	 0.12978539733936 
615	 0.130357744922881 
616	 0.130944454315687 
617	 0.131453115989568 
618	 0.132003723914441 
619	 0.132474350866355 
620	 0.132827601367573 
621	 0.133280936280758 
622	 0.133735365185128 
623	 0.134141931964117 
624	 0.134487605352777 
625	 0.13488594275911 
626	 0.135308827837493 
627	 0.13569793335455 
628	 0.135969768659464 
629	 0.136366354371486 
630	 0.136743581164598 
631	 0.1369565586314 
632	 0.137294476946302 
633	 0.137625540007295 
634	 0.137910941885292 
635	 0.138196155789221 
636	 0.138498285769981 
637	 0.138797706288338 
638	 0.139084244026811 
639	 0.139397613648038 
640	 0.139644859919891 
641	 0.139900200774584 
642	 0.140280740811139 
643	 0.140595869608822 
644	 0.140812088195152 
645	 0.140995940329701 
646	 0.141333655151529 
647	 0.14166682791709 
648	 0.141965656610995 
649	 0.142259072583242 
650	 0.142670825233362 
651	 0.142998771798358 
652	 0.143243864556349 
653	 0.143586993445149 
654	 0.144013691268755 
655	 0.144363795173484 
656	 0.144590302731782 
657	 0.145002494514763 
658	 0.145373799371174 
659	 0.145718868705528 
660	 0.146142426662172 
661	 0.146525683173572 
662	 0.146893024323975 
663	 0.147276284770413 
664	 0.147698410400644 
665	 0.148102610838979 
666	 0.148518905066134 
667	 0.148983293205266 
668	 0.149440239311315 
669	 0.149939047432191 
670	 0.150463459558222 
671	 0.150945022383234 
672	 0.151430414690058 
673	 0.151947944046074 
674	 0.15248982782554 
675	 0.152973756542261 
676	 0.153419847006079 
677	 0.153908497630071 
678	 0.154519059487476 
679	 0.155111898461077 
680	 0.15569198976436 
681	 0.156277058876022 
682	 0.156884303529631 
683	 0.15747011083766 
684	 0.158083967309313 
685	 0.15875754457486 
686	 0.159358547782486 
687	 0.160079805256592 
688	 0.160841411734364 
689	 0.161396493793724 
690	 0.16201913999861 
691	 0.162712020232417 
692	 0.163437832756576 
693	 0.164167497401871 
694	 0.164864722134684 
695	 0.16557934142481 
696	 0.166360992597485 
697	 0.167057888513655 
698	 0.167762265663916 
699	 0.168527406402469 
700	 0.169347052852715 
701	 0.170108373235657 
702	 0.17084459802761 
703	 0.171608578295976 
704	 0.172410954878034 
705	 0.173233634957197 
706	 0.174033269687264 
707	 0.174767487236824 
708	 0.175502798698729 
709	 0.176284960167944 
710	 0.177106569911769 
711	 0.177890208918116 
712	 0.178689234569672 
713	 0.179468239409727 
714	 0.180199622931389 
715	 0.180967831969947 
716	 0.181738607378197 
717	 0.182485468202532 
718	 0.183193652237652 
719	 0.183896871664062 
720	 0.184594562314701 
721	 0.185283342128058 
722	 0.18596998294026 
723	 0.186624244286104 
724	 0.187219554559124 
725	 0.187768395484267 
726	 0.188455451804162 
727	 0.189068987329657 
728	 0.189556458129977 
729	 0.190032757357194 
730	 0.190557775986106 
731	 0.191065064624302 
732	 0.191498595244439 
733	 0.191885876880238 
734	 0.192256711604725 
735	 0.192604708448155 
736	 0.192911962694697 
737	 0.193203915068728 
738	 0.193456021126163 
739	 0.193663678715404 
740	 0.19384746561014 
741	 0.194023258114041 
742	 0.19412387309608 
743	 0.194128182975861 
744	 0.194189927873535 
745	 0.194190537593074 
746	 0.194160576963135 
747	 0.194178239486281 
748	 0.194130131565718 
749	 0.194022475415553 
750	 0.193869483462578 
751	 0.193681806717789 
752	 0.193511051921498 
753	 0.193311581525784 
754	 0.193040718016129 
755	 0.19272651394654 
756	 0.192453498231822 
757	 0.192186568966772 
758	 0.191839544991477 
759	 0.19146532045913 
760	 0.191061065458475 
761	 0.19063670914925 
762	 0.190223335829771 
763	 0.189801947001852 
764	 0.189366881907967 
765	 0.188916868500011 
766	 0.188458693960687 
767	 0.187934657112046 
768	 0.18739897861331 
769	 0.186937959693566 
770	 0.186427736976182 
771	 0.185911336860149 
772	 0.185383651772117 
773	 0.184769650044387 
774	 0.184208737188374 
775	 0.183659189846798 
776	 0.183076450501984 
777	 0.182528248555474 
778	 0.181968142499508 
779	 0.18140470625898 
780	 0.180857751875731 
781	 0.180254941245756 
782	 0.179639431739353 
783	 0.179048947834955 
784	 0.178504749363443 
785	 0.177994110829225 
786	 0.177432564864903 
787	 0.176805741201524 
788	 0.176298237900461 
789	 0.175756269484842 
790	 0.175174721172878 
791	 0.174603278174954 
792	 0.174068822437296 
793	 0.17353784794513 
794	 0.173020554695656 
795	 0.172555096472653 
796	 0.171974650816265 
797	 0.171422292926287 
798	 0.170966003381389 
799	 0.170448907242576 
800	 0.169935736863189 
801	 0.169421813022684 
802	 0.168904546261564 
803	 0.168464474106523 
804	 0.16802377032185 
805	 0.167555608097607 
806	 0.167076319928192 
807	 0.16663789429924 
808	 0.166214337206778 
809	 0.165781887669227 
810	 0.165331534630713 
811	 0.164875551836566 
812	 0.164444241098346 
813	 0.164057971364714 
814	 0.163707194959556 
815	 0.163343575977569 
816	 0.162963235970409 
817	 0.162585788062894 
818	 0.162228759888849 
819	 0.161902123889661 
820	 0.161595304749663 
821	 0.161280227573961 
822	 0.160937008040069 
823	 0.160554410895811 
824	 0.160170097905413 
825	 0.15989395623551 
826	 0.159611465912884 
827	 0.159320820186956 
828	 0.159053266757482 
829	 0.158849386466811 
830	 0.158567700668014 
831	 0.158259294111823 
832	 0.158045905692855 
833	 0.157845374004449 
834	 0.157565173791076 
835	 0.157275281044023 
836	 0.157169069859258 
837	 0.156978938936825 
838	 0.156743932862716 
839	 0.156535330660748 
840	 0.156389131506394 
841	 0.156218919607821 
842	 0.156047887014501 
843	 0.1559050497894 
844	 0.155736892196375 
845	 0.15556545237441 
846	 0.155409577616615 
847	 0.155288467505116 
848	 0.15523259171908 
849	 0.155160908750261 
850	 0.15504509381333 
851	 0.154913294151268 
852	 0.15480737175822 
853	 0.154702374912783 
854	 0.154631641345206 
855	 0.154720164668863 
856	 0.154707530185078 
857	 0.154597840387617 
858	 0.15447104604456 
859	 0.154418603183336 
860	 0.154375524555748 
861	 0.154341103799631 
862	 0.154339831982151 
863	 0.154414914417917 
864	 0.15440873302599 
865	 0.154356624805767 
866	 0.154391820193939 
867	 0.154384135129545 
868	 0.154415377866333 
869	 0.154495857648453 
870	 0.154549243789913 
871	 0.154596721133279 
872	 0.15467542599008 
873	 0.154793868590927 
874	 0.1549108972784 
875	 0.154977670829786 
876	 0.155026104268241 
877	 0.155101642607037 
878	 0.155222830869309 
879	 0.155379036583181 
880	 0.155488252938981 
881	 0.155518607944908 
882	 0.155739217045422 
883	 0.155906782863164 
884	 0.156037021696389 
885	 0.156259437201293 
886	 0.15639577947886 
887	 0.156531305088507 
888	 0.156711481816181 
889	 0.156923221105197 
890	 0.1571098880658 
891	 0.157280346040117 
892	 0.157470226986298 
893	 0.157728082915225 
894	 0.157962568727799 
895	 0.158221849205956 
896	 0.158526270461281 
897	 0.15879991751476 
898	 0.159044157358624 
899	 0.159283076222705 
900	 0.159550971683624 
901	 0.159891001965806 
902	 0.160183321526096 
903	 0.160506411174263 
904	 0.160931176387953 
905	 0.161235951069392 
906	 0.161497548636349 
907	 0.161794493079507 
908	 0.162176955490979 
909	 0.162570526294866 
910	 0.162920733170223 
911	 0.163271061245976 
912	 0.163706628687556 
913	 0.164124216579515 
914	 0.16458124612574 
915	 0.165037031377402 
916	 0.165388638626223 
917	 0.165881300654487 
918	 0.166382410929152 
919	 0.166827356659713 
920	 0.167283999842707 
921	 0.167709412099561 
922	 0.168171436080841 
923	 0.168703240780423 
924	 0.169261687839928 
925	 0.169810662328196 
926	 0.170348675114136 
927	 0.170875221777615 
928	 0.171370351059939 
929	 0.171919562547073 
930	 0.172537924527016 
931	 0.173193799019437 
932	 0.173805979369556 
933	 0.174434917127039 
934	 0.175051092125185 
935	 0.175637227815311 
936	 0.176283696559315 
937	 0.176908067727023 
938	 0.177559238205989 
939	 0.178298517981485 
940	 0.179085046137544 
941	 0.179803678599918 
942	 0.180458778524926 
943	 0.181129080572361 
944	 0.181944239623549 
945	 0.182747255170786 
946	 0.183511666439118 
947	 0.1842708368554 
948	 0.185016398755015 
949	 0.185794008330429 
950	 0.18661773137687 
951	 0.187478986162599 
952	 0.188365175344738 
953	 0.189156643616802 
954	 0.189931366882278 
955	 0.190843101462789 
956	 0.191799561096492 
957	 0.192728955379019 
958	 0.19359715355818 
959	 0.194429336406461 
960	 0.19540147112597 
961	 0.196422035043009 
962	 0.197425340127621 
963	 0.198382916414095 
964	 0.199299875064493 
965	 0.200217170374676 
966	 0.201194399234808 
967	 0.202271721162607 
968	 0.203326763003043 
969	 0.204308890149858 
970	 0.205318074876505 
971	 0.20648414526564 
972	 0.207522812019427 
973	 0.208510249412706 
974	 0.209541556209888 
975	 0.210683235424268 
976	 0.211892890751817 
977	 0.21307748792622 
978	 0.214154937309643 
979	 0.21512631952148 
980	 0.216340937565048 
981	 0.217612301540773 
982	 0.218770093127419 
983	 0.219771607787108 
984	 0.220988010154257 
985	 0.222230074035699 
986	 0.223392105712723 
987	 0.224487220826144 
988	 0.225723108990996 
989	 0.226887851688846 
990	 0.228073360446348 
991	 0.229432938842298 
992	 0.23061439638336 
993	 0.231796061166327 
994	 0.232996656015278 
995	 0.234165891174622 
996	 0.235336106332726 
997	 0.236544680714137 
998	 0.237811747237872 
999	 0.239115516328339 
1000	 0.240347938712224 
1001	 0.248265519981112 
1002	 0.249534815381906 
1003	 0.250691746033517 
1004	 0.251912586964309 
1005	 0.253177342392657 
1006	 0.254419786165867 
1007	 0.255652643719489 
1008	 0.256921763082151 
1009	 0.258140427819829 
1010	 0.259286134942062 
1011	 0.26047419553059 
1012	 0.261671888112751 
1013	 0.262810898973222 
1014	 0.263969019834882 
1015	 0.265117043147151 
1016	 0.26626283258071 
1017	 0.26744233395916 
1018	 0.268672629398198 
1019	 0.269886505044018 
1020	 0.271090075086271 
1021	 0.272199128832144 
1022	 0.27327841832805 
1023	 0.27439081186752 
1024	 0.275438249487411 
1025	 0.276540613907136 
1026	 0.277666339205897 
1027	 0.278699704770628 
1028	 0.279727852087917 
1029	 0.280783533102477 
1030	 0.281829907442925 
1031	 0.282866476173671 
1032	 0.283921961351229 
1033	 0.284961262844774 
1034	 0.285949584353007 
1035	 0.286913207775167 
1036	 0.287885413129323 
1037	 0.288873477299414 
1038	 0.28983346615438 
1039	 0.29083116915584 
1040	 0.291839811652261 
1041	 0.292810497496848 
1042	 0.29380907091389 
1043	 0.294741806487445 
1044	 0.295675122058855 
1045	 0.296578286405623 
1046	 0.29750130618069 
1047	 0.298416319503889 
1048	 0.29943008351262 
1049	 0.300445744638745 
1050	 0.301456990262711 
1051	 0.302487192173423 
1052	 0.303391863918788 
1053	 0.30434556423875 
1054	 0.305371935596193 
1055	 0.306364248325888 
1056	 0.307447051752449 
1057	 0.308477678862422 
1058	 0.309472997010758 
1059	 0.310453195474268 
1060	 0.311409628698632 
1061	 0.312378082599869 
1062	 0.31334366812527 
1063	 0.314354790672659 
1064	 0.315418259788774 
1065	 0.316480805264623 
1066	 0.317552976368008 
1067	 0.318634090954896 
1068	 0.319721170505338 
1069	 0.320799503172734 
1070	 0.321865632413477 
1071	 0.322907041137132 
1072	 0.323978474388204 
1073	 0.325049295165779 
1074	 0.326125823677977 
1075	 0.32721770106827 
1076	 0.328315994442361 
1077	 0.329356756887712 
1078	 0.330398801417056 
1079	 0.331483131282291 
1080	 0.33256260857444 
1081	 0.333672322877623 
1082	 0.334760989811907 
1083	 0.335822917933841 
1084	 0.336813059144334 
1085	 0.337897257396295 
1086	 0.339018892591486 
1087	 0.340110447913619 
1088	 0.341240244422149 
1089	 0.342325481997548 
1090	 0.343338687458766 
1091	 0.344384408865744 
1092	 0.345454550831337 
1093	 0.346500158736217 
1094	 0.347566343828505 
1095	 0.348600712829037 
1096	 0.349617178786669 
1097	 0.350697846384815 
1098	 0.351758744708564 
1099	 0.352853993719866 
1100	 0.353893045522089 
1101	 0.354888702532216 
1102	 0.355914691291615 
1103	 0.356923732807726 
1104	 0.357953685512478 
1105	 0.359008322005268 
1106	 0.360094070497706 
1107	 0.361159644817815 
1108	 0.362199356778718 
1109	 0.363263348875295 
1110	 0.364299869480701 
1111	 0.365364794888957 
1112	 0.366459202229882 
1113	 0.367520725977265 
1114	 0.368574689739811 
1115	 0.369640984522998 
1116	 0.370674305872238 
1117	 0.371751593405015 
1118	 0.372891631963266 
1119	 0.373972588114411 
1120	 0.375042708868861 
1121	 0.376087241161964 
1122	 0.377064301126899 
1123	 0.378112853922499 
1124	 0.379198378310077 
1125	 0.380329013667186 
1126	 0.381433378818632 
1127	 0.38258140141767 
1128	 0.383679468050285 
1129	 0.384730095555743 
1130	 0.38581161201729 
1131	 0.386892884791 
1132	 0.387982195784942 
1133	 0.389079105195133 
1134	 0.390182334342555 
1135	 0.391288508704265 
1136	 0.392392689010607 
1137	 0.393543413670135 
1138	 0.394680837975571 
1139	 0.395796257263988 
1140	 0.396912877885522 
1141	 0.398025065862682 
1142	 0.399106422196284 
1143	 0.400211163173193 
1144	 0.401347570646492 
1145	 0.40244454412265 
1146	 0.403501121887564 
1147	 0.404589325824381 
1148	 0.405677053414454 
1149	 0.40677930975262 
1150	 0.407910674091646 
1151	 0.409041809725521 
1152	 0.410147477613433 
1153	 0.411206214893242 
1154	 0.412313824065327 
1155	 0.413431003380885 
1156	 0.414533236216824 
1157	 0.415661393446722 
1158	 0.416765357159523 
1159	 0.417820433580811 
1160	 0.418922233794763 
1161	 0.420075501751761 
1162	 0.421176702501694 
1163	 0.422268319911318 
1164	 0.423355763301682 
1165	 0.424407846236729 
1166	 0.425470103166034 
1167	 0.426565974496067 
1168	 0.427675302795028 
1169	 0.42873510560058 
1170	 0.429774975823157 
1171	 0.430823013371982 
1172	 0.431859041218162 
1173	 0.432871846590698 
1174	 0.433872869084745 
1175	 0.434893770132472 
1176	 0.435898151337658 
1177	 0.436902960622964 
1178	 0.437940904402478 
1179	 0.438956703586022 
1180	 0.439953290650846 
1181	 0.440937334096291 
1182	 0.441907845119716 
1183	 0.442897074566808 
1184	 0.443857613634359 
1185	 0.444794548752295 
1186	 0.445736182599063 
1187	 0.446677496841631 
1188	 0.44760413687316 
1189	 0.448516394605149 
1190	 0.449431618597322 
1191	 0.45035170328545 
1192	 0.451250139052909 
1193	 0.452143426774155 
1194	 0.453023886445693 
1195	 0.453892676346034 
1196	 0.454740086185989 
1197	 0.455583651628932 
1198	 0.456400732400756 
1199	 0.457195910591497 
1200	 0.45795318245172 
1201	 0.458738947018377 
1202	 0.459527158740986 
1203	 0.460289906870905 
1204	 0.461053953745401 
1205	 0.461803354512944 
1206	 0.462524554953165 
1207	 0.463249513528373 
1208	 0.463988075133608 
1209	 0.464697191418187 
1210	 0.465378530642584 
1211	 0.466064280130507 
1212	 0.466729400937504 
1213	 0.467407350845324 
1214	 0.46811491842152 
1215	 0.468784965146215 
1216	 0.469439726198965 
1217	 0.470087028891123 
1218	 0.470722760375353 
1219	 0.471335520039429 
1220	 0.471938398751035 
1221	 0.47253698349177 
1222	 0.473126289200058 
1223	 0.473696356705701 
1224	 0.474260414818858 
1225	 0.474828223826764 
1226	 0.475376882196561 
1227	 0.475896449075853 
1228	 0.476425326895032 
1229	 0.476955896258466 
1230	 0.477478098231631 
1231	 0.478015597847073 
1232	 0.478521099231747 
1233	 0.479007847295059 
1234	 0.479468748748816 
1235	 0.479943362329161 
1236	 0.480404867107544 
1237	 0.48086264109624 
1238	 0.48133267418976 
1239	 0.481780434025082 
1240	 0.48220617263142 
1241	 0.482632680692735 
1242	 0.483060998050405 
1243	 0.48347267243604 
1244	 0.483863468792028 
1245	 0.484261266383826 
1246	 0.484654308336808 
1247	 0.485043907192601 
1248	 0.485435160277633 
1249	 0.48582755497323 
1250	 0.486200300361557 
1251	 0.486564141911467 
1252	 0.486916101842563 
1253	 0.487241269318478 
1254	 0.487599282863921 
1255	 0.487966591559797 
1256	 0.488322575736216 
1257	 0.488710078096777 
1258	 0.489050126065567 
1259	 0.489355071844622 
1260	 0.489663027026511 
1261	 0.489953825572957 
1262	 0.490240944564767 
1263	 0.490519236488441 
1264	 0.490797325166563 
1265	 0.491072117898588 
1266	 0.491336864503658 
1267	 0.491585208749763 
1268	 0.491851252770507 
1269	 0.492110229933585 
1270	 0.492357491220781 
1271	 0.492621168652741 
1272	 0.492895042883037 
1273	 0.493167412890088 
1274	 0.493460088910429 
1275	 0.493712218888509 
1276	 0.493931161007524 
1277	 0.494183011654293 
1278	 0.494426140825021 
1279	 0.494676518292688 
1280	 0.494945631503611 
1281	 0.495225464997065 
1282	 0.495495493140071 
1283	 0.49577845790275 
1284	 0.496083675390874 
1285	 0.496400206530944 
1286	 0.496707839741845 
1287	 0.497044873965755 
1288	 0.497370961049851 
1289	 0.497710626589779 
1290	 0.498041980070007 
1291	 0.498358396154957 
1292	 0.498698085033514 
1293	 0.499048485771677 
1294	 0.499407575566872 
1295	 0.499774965382767 
1296	 0.500155435097531 
1297	 0.500556928059381 
1298	 0.500943810556786 
1299	 0.501361242890438 
1300	 0.50173061163868 
1301	 0.502068101956067 
1302	 0.502401641574148 
1303	 0.502713114140393 
1304	 0.50299676868381 
1305	 0.5033210097473 
1306	 0.503637454127077 
1307	 0.503909457923414 
1308	 0.504193814054091 
1309	 0.5044705610898 
1310	 0.504726042568023 
1311	 0.504974101814633 
1312	 0.505236174960929 
1313	 0.505465747410314 
1314	 0.50565714077998 
1315	 0.505849392971015 
1316	 0.506035199268767 
1317	 0.506217519013664 
1318	 0.506380112150782 
1319	 0.506551468730527 
1320	 0.50674131454198 
1321	 0.506897053731069 
1322	 0.50702764818335 
1323	 0.507171100601975 
1324	 0.507299351664617 
1325	 0.507405423830061 
1326	 0.507499013431182 
1327	 0.507556966026921 
1328	 0.507602527416931 
1329	 0.507619140698486 
1330	 0.50763951139509 
1331	 0.507656078267573 
1332	 0.507677978061958 
1333	 0.507679403526504 
1334	 0.50770997457946 
1335	 0.507762594258701 
1336	 0.507797546571612 
1337	 0.507843627313768 
1338	 0.507874495722149 
1339	 0.507885767526293 
1340	 0.50790878964453 
1341	 0.507938861606271 
1342	 0.507957152401368 
1343	 0.507972531543209 
1344	 0.507989434557441 
1345	 0.507987684018779 
1346	 0.507972047020867 
1347	 0.508006906627723 
1348	 0.508052344440852 
1349	 0.508095606217262 
1350	 0.508174548564203 
1351	 0.508211988923115 
1352	 0.508213800048023 
1353	 0.508247797832765 
1354	 0.508278820422579 
1355	 0.508323206789597 
1356	 0.508383375737574 
1357	 0.508446514230029 
1358	 0.508529656037872 
1359	 0.508587202262993 
1360	 0.508655101002482 
1361	 0.508693350670529 
1362	 0.508695548277755 
1363	 0.508705425704565 
1364	 0.508699546863936 
1365	 0.508698803069969 
1366	 0.508702731408644 
1367	 0.508703809116759 
1368	 0.508684905167486 
1369	 0.508679470517221 
1370	 0.50867066039949 
1371	 0.508633388604284 
1372	 0.508585468271305 
1373	 0.508528758450949 
1374	 0.508477378931225 
1375	 0.508406175609675 
1376	 0.508359396115746 
1377	 0.508333245107238 
1378	 0.508296295618372 
1379	 0.508255767770679 
1380	 0.508229409558897 
1381	 0.508214010556822 
1382	 0.50818745326545 
1383	 0.508165001706189 
1384	 0.50813602178836 
1385	 0.508103265337955 
1386	 0.508057938251957 
1387	 0.508014686239134 
1388	 0.507960489646952 
1389	 0.507896350474485 
1390	 0.507815015901296 
1391	 0.507732800025131 
1392	 0.507615257358694 
1393	 0.50747354404026 
1394	 0.507344697948826 
1395	 0.507198820433279 
1396	 0.507065895421728 
1397	 0.506932619438008 
1398	 0.506801770977397 
1399	 0.506664611146798 
1400	 0.506511972600462 
1401	 0.506399829873335 
1402	 0.506305883462894 
1403	 0.506210716632035 
1404	 0.506157858973663 
1405	 0.506057444735668 
1406	 0.505923390207815 
1407	 0.505808030608138 
1408	 0.505672590737234 
1409	 0.505566656709086 
1410	 0.505467163794076 
1411	 0.505395074192192 
1412	 0.505342640911129 
1413	 0.505308341094944 
1414	 0.505296502079276 
1415	 0.505287783298487 
1416	 0.505283959171022 
1417	 0.505276839785731 
1418	 0.505255846318942 
1419	 0.505258734703075 
1420	 0.505282918345319 
1421	 0.505298028678084 
1422	 0.505320844228014 
1423	 0.505335919402093 
1424	 0.505339461284264 
1425	 0.505321482879937 
1426	 0.505313239333751 
1427	 0.505298658384452 
1428	 0.505302176778982 
1429	 0.505305804635591 
1430	 0.505316283539139 
1431	 0.505347723119736 
1432	 0.505366991140005 
1433	 0.505393529890737 
1434	 0.505399724990203 
1435	 0.505385662475659 
1436	 0.505385502582674 
1437	 0.505376794378512 
1438	 0.505375187075432 
1439	 0.505388987989061 
1440	 0.505396344110047 
1441	 0.505399577689122 
1442	 0.505395183748411 
1443	 0.50537218680821 
1444	 0.505374848841387 
1445	 0.505387145477048 
1446	 0.505378859593775 
1447	 0.505387806864418 
1448	 0.505394386760245 
1449	 0.505378625989238 
1450	 0.505365398900709 
1451	 0.505354352064139 
1452	 0.505339058012944 
1453	 0.505331723160387 
1454	 0.505339456217509 
1455	 0.505327432129827 
1456	 0.505296810337673 
1457	 0.50529320694887 
1458	 0.505300474912555 
1459	 0.505288239744608 
1460	 0.505290438231506 
1461	 0.505281195773696 
1462	 0.505232865415555 
1463	 0.505213587256636 
1464	 0.505206365906586 
1465	 0.505215516994087 
1466	 0.505245564903396 
1467	 0.505266939601638 
1468	 0.505288098628501 
1469	 0.505324017874766 
1470	 0.505342946985565 
1471	 0.505406952383026 
1472	 0.505514561730485 
1473	 0.505625695796294 
1474	 0.505759790320565 
1475	 0.505883343124511 
1476	 0.505980841850559 
1477	 0.506091667785794 
1478	 0.506208948817812 
1479	 0.506334080189076 
1480	 0.506474127949981 
1481	 0.50661990262404 
1482	 0.506763378906676 
1483	 0.506904401497643 
1484	 0.507053202345627 
1485	 0.507210182541423 
1486	 0.507356001587082 
1487	 0.507501036492943 
1488	 0.507651222940317 
1489	 0.507800117440781 
1490	 0.507946872059965 
1491	 0.508090362458209 
1492	 0.508241323368072 
1493	 0.508401988139441 
1494	 0.508546649773255 
1495	 0.508702506845043 
1496	 0.508835394107603 
1497	 0.508930096101431 
1498	 0.509040628920367 
1499	 0.509144096978564 
1500	 0.509266980891921 
1501	 0.509407187378071 
1502	 0.50954164922292 
1503	 0.509700244884099 
1504	 0.50982398936093 
1505	 0.50992684527574 
1506	 0.510029585301049 
1507	 0.510105076595886 
1508	 0.510185615405905 
1509	 0.510270482585207 
1510	 0.510356790416209 
1511	 0.510444774517058 
1512	 0.510534579489138 
1513	 0.510645286477067 
1514	 0.510748230972512 
1515	 0.510876419478217 
1516	 0.511007704962164 
1517	 0.511117635510036 
1518	 0.511221572539574 
1519	 0.511319448356911 
1520	 0.511402552645897 
1521	 0.511485086146147 
1522	 0.511564576481202 
1523	 0.511635605568776 
1524	 0.511689897562066 
1525	 0.511757042916486 
1526	 0.511804568417609 
1527	 0.511905964600487 
1528	 0.512043138709205 
1529	 0.512172743204036 
1530	 0.512361091346297 
1531	 0.512478324853246 
1532	 0.512548328103811 
1533	 0.512632980498647 
1534	 0.512679010899904 
1535	 0.512762664220182 
1536	 0.512878579139499 
1537	 0.512978564266123 
1538	 0.513084552718398 
1539	 0.513179926499712 
1540	 0.513277345254385 
1541	 0.513354624519184 
1542	 0.513395481800257 
1543	 0.513476469691703 
1544	 0.513549691450044 
1545	 0.51364095355506 
1546	 0.513770077997815 
1547	 0.513909100541514 
1548	 0.514014272650005 
1549	 0.514141231135885 
1550	 0.514268528092088 
1551	 0.514373310325827 
1552	 0.514478475493533 
1553	 0.514572352214782 
1554	 0.514608847232393 
1555	 0.514658470697539 
1556	 0.514730747497144 
1557	 0.514790641410978 
1558	 0.514903860854789 
1559	 0.515013477247016 
1560	 0.515102057854722 
1561	 0.515186274482659 
1562	 0.515252481049155 
1563	 0.515307697827472 
1564	 0.515342828341137 
1565	 0.515353432559815 
1566	 0.515375640619275 
1567	 0.515369313123835 
1568	 0.515398197185107 
1569	 0.515445880217241 
1570	 0.515497104190344 
1571	 0.515564606758781 
1572	 0.515636218297824 
1573	 0.515723907769892 
1574	 0.515794573769094 
1575	 0.515851815635514 
1576	 0.515931664997268 
1577	 0.516017517691001 
1578	 0.516095723058324 
1579	 0.516192636614723 
1580	 0.516277881941517 
1581	 0.516352978552818 
1582	 0.516415710095768 
1583	 0.51648337997902 
1584	 0.516533411149789 
1585	 0.516549381457315 
1586	 0.516584333285285 
1587	 0.516610135050383 
1588	 0.516655347719853 
1589	 0.516718878342551 
1590	 0.516778024679038 
1591	 0.516851315603419 
1592	 0.516916556687447 
1593	 0.51697546397544 
1594	 0.517034646261094 
1595	 0.51710677224372 
1596	 0.51715472358143 
1597	 0.51718692480777 
1598	 0.517215933141158 
1599	 0.517214125874399 
1600	 0.517235814681967 
1601	 0.51726701378165 
1602	 0.517304029128303 
1603	 0.517362829021625 
1604	 0.517408371091697 
1605	 0.517443216079658 
1606	 0.517487458991097 
1607	 0.517544235569169 
1608	 0.517576663670973 
1609	 0.517608542295458 
1610	 0.517665514400542 
1611	 0.517702645988944 
1612	 0.517742610597439 
1613	 0.517791950510289 
1614	 0.5178244410481 
1615	 0.517871550156822 
1616	 0.517945059692009 
1617	 0.518021873933831 
1618	 0.518092288965875 
1619	 0.518141191137819 
1620	 0.518176789519047 
1621	 0.518217479308524 
1622	 0.518248702333103 
1623	 0.51829417024895 
1624	 0.518346473684506 
1625	 0.518391936893291 
1626	 0.518446691806131 
1627	 0.518478104080667 
1628	 0.518495229703923 
1629	 0.518514485075616 
1630	 0.518516737555321 
1631	 0.518541375576883 
1632	 0.518574214145261 
1633	 0.518610716168077 
1634	 0.518651647281971 
1635	 0.518707657532393 
1636	 0.518770488286275 
1637	 0.518842599299613 
1638	 0.518943609090397 
1639	 0.519009389046667 
1640	 0.51907103035093 
1641	 0.519115576840149 
1642	 0.519140733326199 
1643	 0.519157865295776 
1644	 0.519148251872275 
1645	 0.519174878552462 
1646	 0.519199122796573 
1647	 0.519243446730319 
1648	 0.519318997811824 
1649	 0.519387491576775 
1650	 0.519457771002835 
1651	 0.519532354744738 
1652	 0.519638955167891 
1653	 0.519688677392348 
1654	 0.51970843985711 
1655	 0.519737046844907 
1656	 0.519732027279234 
1657	 0.519748768491413 
1658	 0.519786143769277 
1659	 0.51980661093199 
1660	 0.519806043617527 
1661	 0.519835696449932 
1662	 0.519878875566551 
1663	 0.519918822218388 
1664	 0.519987707394525 
1665	 0.520018355668273 
1666	 0.520015288167079 
1667	 0.520042740184743 
1668	 0.520058727830293 
1669	 0.520101297543993 
1670	 0.520180137234975 
1671	 0.520239167403157 
1672	 0.520317119003677 
1673	 0.520350506315112 
1674	 0.520356417056276 
1675	 0.520365943781671 
1676	 0.520329250921514 
1677	 0.520345087543032 
1678	 0.520389977127231 
1679	 0.520430855093675 
1680	 0.520506004543116 
1681	 0.520544325322592 
1682	 0.520563453872823 
1683	 0.520586928868768 
1684	 0.520588561981796 
1685	 0.520613218836004 
1686	 0.520652115714181 
1687	 0.520686925937166 
1688	 0.520721866625191 
1689	 0.520771691499332 
1690	 0.520829055218233 
1691	 0.520886440289669 
1692	 0.520970639247601 
1693	 0.521018229749973 
1694	 0.521036528985435 
1695	 0.521078650981253 
1696	 0.521126968206383 
1697	 0.521151229219002 
1698	 0.521169316655973 
1699	 0.521197735804798 
1700	 0.521189422482762 
1701	 0.521233587095955 
1702	 0.52133359613427 
1703	 0.521395315902109 
1704	 0.521454970371906 
1705	 0.521520933316812 
1706	 0.521581375234608 
1707	 0.521635911708267 
1708	 0.521712243519661 
1709	 0.521746989710685 
1710	 0.521753286147286 
1711	 0.521751414208805 
1712	 0.521703438112213 
1713	 0.521712606618083 
1714	 0.521737249147737 
1715	 0.521760281992893 
1716	 0.521827829222096 
1717	 0.521856113659514 
1718	 0.521861741471156 
1719	 0.521864759835692 
1720	 0.521855831233226 
1721	 0.5218498746593 
1722	 0.521821236380119 
1723	 0.521832479809115 
1724	 0.521881760857553 
1725	 0.521884906131784 
1726	 0.521895755684641 
1727	 0.521873367478001 
1728	 0.521801185245223 
1729	 0.521758716825321 
1730	 0.521709369784927 
1731	 0.521680887051814 
1732	 0.521670556191218 
1733	 0.521638917722163 
1734	 0.521621132368611 
1735	 0.521588409979346 
1736	 0.521543757492054 
1737	 0.521466961168941 
1738	 0.521364487422684 
1739	 0.52128059517639 
1740	 0.521161859881607 
1741	 0.521104729252225 
1742	 0.521095982776518 
1743	 0.521058113471658 
1744	 0.521040059782187 
1745	 0.520992414942155 
1746	 0.520914762174215 
1747	 0.520896527351988 
1748	 0.520836315616132 
1749	 0.520771876717887 
1750	 0.520749176406528 
1751	 0.520689988926089 
1752	 0.520624847670414 
1753	 0.52059186030175 
1754	 0.520573561600081 
1755	 0.520568443655031 
1756	 0.520564281788474 
1757	 0.520543713037354 
1758	 0.520509283219879 
1759	 0.520482311443594 
1760	 0.520442117813169 
1761	 0.520386114514933 
1762	 0.520355866443646 
1763	 0.520295922512938 
1764	 0.520210343536977 
1765	 0.5201784234022 
1766	 0.520111313616279 
1767	 0.519981490273848 
1768	 0.519939944049853 
1769	 0.519915784577044 
1770	 0.519859538482329 
1771	 0.519882217319119 
1772	 0.51987428362376 
1773	 0.519828077306119 
1774	 0.51979778011685 
1775	 0.519754792688377 
1776	 0.519749523716898 
1777	 0.519735078205487 
1778	 0.519728540580295 
1779	 0.519759411034307 
1780	 0.51976815958498 
1781	 0.519817402593476 
1782	 0.519874143587989 
1783	 0.519889824760578 
1784	 0.51988206902365 
1785	 0.519810232997087 
1786	 0.519766359635347 
1787	 0.51972491291245 
1788	 0.519692746564624 
1789	 0.519640200866184 
1790	 0.519661536622043 
1791	 0.519747775693245 
1792	 0.519793373155311 
1793	 0.519885898187615 
1794	 0.519914753247821 
1795	 0.519888238151487 
1796	 0.519868752851131 
1797	 0.519839208737448 
1798	 0.519793069150235 
1799	 0.519700482932087 
1800	 0.519647383937151 
1801	 0.533536470540402 
1802	 0.53359067397992 
1803	 0.533619535657672 
1804	 0.533643274403453 
1805	 0.533650189121997 
1806	 0.533653504088232 
1807	 0.533660105644051 
1808	 0.533652012687596 
1809	 0.533639612282056 
1810	 0.533640307330225 
1811	 0.533623254088798 
1812	 0.533621095434418 
1813	 0.533649706820077 
1814	 0.53369776220897 
1815	 0.533760574708702 
1816	 0.533779224217137 
1817	 0.533813285540702 
1818	 0.533867389965429 
1819	 0.533905043973924 
1820	 0.533934580203172 
1821	 0.533956120420655 
1822	 0.533975774345317 
1823	 0.533957880949013 
1824	 0.53390041647287 
1825	 0.533865999771437 
1826	 0.53382262340456 
1827	 0.533721456428958 
1828	 0.533646977556228 
1829	 0.533578051252593 
1830	 0.533510547796882 
1831	 0.5334283823504 
1832	 0.533388397633212 
1833	 0.533369040384171 
1834	 0.533308423424827 
1835	 0.533260128049548 
1836	 0.53320524752392 
1837	 0.533143945855982 
1838	 0.533092001967196 
1839	 0.533042251731324 
1840	 0.533009599699624 
1841	 0.532969379090289 
1842	 0.532863907611296 
1843	 0.532778553906885 
1844	 0.532677678068285 
1845	 0.532556999429916 
1846	 0.532552889067504 
1847	 0.532558526139621 
1848	 0.53256431753353 
1849	 0.532621963434779 
1850	 0.532645572837138 
1851	 0.532659383399316 
1852	 0.532650475537032 
1853	 0.532606293259588 
1854	 0.532544696626027 
1855	 0.532494392375762 
1856	 0.532438124785785 
1857	 0.532420753592641 
1858	 0.5323809095949 
1859	 0.532286811801282 
1860	 0.532194995365209 
1861	 0.532088133393937 
1862	 0.53193950754557 
1863	 0.531804167626383 
1864	 0.531702262732895 
1865	 0.531572622077874 
1866	 0.531463567204198 
1867	 0.531384628770231 
1868	 0.531312370052811 
1869	 0.531211292276137 
1870	 0.531113910785537 
1871	 0.530964033525163 
1872	 0.53078901154955 
1873	 0.530523642800557 
1874	 0.530248695763881 
1875	 0.529903601697383 
1876	 0.529529187029385 
1877	 0.529177309526681 
1878	 0.528784870858067 
1879	 0.528380304877629 
1880	 0.527941201215733 
1881	 0.527467920597003 
1882	 0.526969313544512 
1883	 0.526453104448476 
1884	 0.525886217669023 
1885	 0.525288915790038 
1886	 0.524636673503452 
1887	 0.523921832389487 
1888	 0.523156259825097 
1889	 0.522328850978708 
1890	 0.521454566163016 
1891	 0.520591752147333 
1892	 0.519683899484913 
1893	 0.518800215744382 
1894	 0.51791920916284 
1895	 0.517053194953797 
1896	 0.516177593321301 
1897	 0.515350165173047 
1898	 0.51453456487044 
1899	 0.513737384653051 
1900	 0.512957618983591 
1901	 0.512178335161906 
1902	 0.511436111491931 
1903	 0.510737436233308 
1904	 0.510030880379528 
1905	 0.509340513528754 
1906	 0.508667225153527 
1907	 0.507990414843668 
1908	 0.507341748526674 
1909	 0.506729425656522 
1910	 0.50614932839553 
1911	 0.505621433357194 
1912	 0.505132188036908 
1913	 0.504678867682308 
1914	 0.50429220913497 
1915	 0.503900301934258 
1916	 0.503530703160821 
1917	 0.503169883028207 
1918	 0.502847717083437 
1919	 0.502528149011837 
1920	 0.502222192626941 
1921	 0.501925397529961 
1922	 0.501639796871238 
1923	 0.501402885152949 
1924	 0.501186193673807 
1925	 0.501005070244413 
1926	 0.500849731125993 
1927	 0.50072284160014 
1928	 0.500600473966151 
1929	 0.500532067612833 
1930	 0.500525807246085 
1931	 0.500541322151109 
1932	 0.500575325174243 
1933	 0.50060622191684 
1934	 0.500616596001574 
1935	 0.500664329743759 
1936	 0.500720184602112 
1937	 0.500800021401112 
1938	 0.500913829643588 
1939	 0.501039070284004 
1940	 0.501180787145431 
1941	 0.50132513472026 
1942	 0.50149721962255 
1943	 0.501670974881204 
1944	 0.501861788773975 
1945	 0.502075950682073 
1946	 0.50229851490848 
1947	 0.502538092241869 
1948	 0.502779729551191 
1949	 0.503040715377062 
1950	 0.503297001403432 
1951	 0.503541433598349 
1952	 0.503818877142919 
1953	 0.504113761433557 
1954	 0.504376921988878 
1955	 0.504665070152478 
1956	 0.504948361061902 
1957	 0.5052262891476 
1958	 0.505484340157719 
1959	 0.50577440675105 
1960	 0.506073458564414 
1961	 0.506382690180212 
1962	 0.506714825295244 
1963	 0.507046319230315 
1964	 0.507397512040553 
1965	 0.507728309214668 
1966	 0.508037317797472 
1967	 0.50835030603193 
1968	 0.508648823993883 
1969	 0.508901484820631 
1970	 0.509197120973055 
1971	 0.509510807074559 
1972	 0.509829714646312 
1973	 0.510167383467547 
1974	 0.510505546041461 
1975	 0.510866184254277 
1976	 0.511181980921494 
1977	 0.511533246268168 
1978	 0.511891936602068 
1979	 0.512256965112083 
1980	 0.512635660540148 
1981	 0.512994124100799 
1982	 0.513343244363792 
1983	 0.513693280816793 
1984	 0.514025908878289 
1985	 0.514380200539662 
1986	 0.514745707152909 
1987	 0.515106290086004 
1988	 0.515481020891484 
1989	 0.515844869434803 
1990	 0.516192151023958 
1991	 0.516541981780214 
1992	 0.51689222842736 
1993	 0.517236134752403 
1994	 0.517581042672576 
1995	 0.517916749487591 
1996	 0.518280133787737 
1997	 0.518655525244739 
1998	 0.519032409185365 
1999	 0.519438391748954 
2000	 0.519827943134656 
2001	 0.520219465505924 
2002	 0.520588055972467 
2003	 0.52094952431751 
2004	 0.521313169765006 
2005	 0.521671476469611 
2006	 0.522024997885611 
2007	 0.522363889396095 
2008	 0.522697936297452 
2009	 0.523022435282686 
2010	 0.523300943282233 
2011	 0.523627996505378 
2012	 0.523975369194393 
2013	 0.524325916278024 
2014	 0.524682866092538 
2015	 0.525086267550804 
2016	 0.525462441939324 
2017	 0.525847441516482 
2018	 0.526214905462082 
2019	 0.526583122625647 
2020	 0.526929413397662 
2021	 0.527250490526836 
2022	 0.527582599912906 
2023	 0.527908797418819 
2024	 0.528235540239878 
2025	 0.528564063935154 
2026	 0.528889628208824 
2027	 0.529212143179521 
2028	 0.529536336110636 
2029	 0.529845124188437 
2030	 0.53014449046441 
2031	 0.530446607196998 
2032	 0.530735157797145 
2033	 0.531035151774911 
2034	 0.531331145438342 
2035	 0.531649673302333 
2036	 0.532001956252923 
2037	 0.53231685029027 
2038	 0.532647844861433 
2039	 0.532946253302565 
2040	 0.533238037507161 
2041	 0.533452869490426 
2042	 0.533675018331688 
2043	 0.533873854416363 
2044	 0.534095161037374 
2045	 0.534295770678282 
2046	 0.534529952661444 
2047	 0.534799056002187 
2048	 0.535050260555972 
2049	 0.53530574065204 
2050	 0.535552735406965 
2051	 0.535789534999847 
2052	 0.536035325339937 
2053	 0.536299268123363 
2054	 0.536535896176566 
2055	 0.536768846226021 
2056	 0.536983155267247 
2057	 0.537198662898144 
2058	 0.537367827656427 
2059	 0.537610788536526 
2060	 0.53790535659972 
2061	 0.538158860057071 
2062	 0.538444433531588 
2063	 0.538687817459651 
2064	 0.538873607708632 
2065	 0.539089211153225 
2066	 0.539315785743965 
2067	 0.539529883484944 
2068	 0.539722161938886 
2069	 0.539955384095036 
2070	 0.540168925871529 
2071	 0.540373016127569 
2072	 0.540581212577675 
2073	 0.540799020841697 
2074	 0.541000994000117 
2075	 0.541177902983678 
2076	 0.541388373776721 
2077	 0.541606164283114 
2078	 0.541833162359543 
2079	 0.542091534243614 
2080	 0.542332722097825 
2081	 0.542578030747295 
2082	 0.54280814527902 
2083	 0.543033662223176 
2084	 0.54325076473048 
2085	 0.543443187260037 
2086	 0.543606876401565 
2087	 0.543793410047481 
2088	 0.543969115477715 
2089	 0.544150253372484 
2090	 0.544339371439912 
2091	 0.544532965635066 
2092	 0.544733768142034 
2093	 0.544918257076752 
2094	 0.545096411346191 
2095	 0.545285314540024 
2096	 0.545453685228959 
2097	 0.545643665338987 
2098	 0.545856514551655 
2099	 0.546084120916111 
2100	 0.546288859495827 
2101	 0.546484772345772 
2102	 0.546692154793659 
2103	 0.546891158409419 
2104	 0.547106216327893 
2105	 0.547325112584674 
2106	 0.547567575957946 
2107	 0.547820472850137 
2108	 0.548086154523457 
2109	 0.548393436680332 
2110	 0.548676375021613 
2111	 0.548956043320118 
2112	 0.549234406342687 
2113	 0.549522555539389 
2114	 0.549780766951086 
2115	 0.550029312893005 
2116	 0.550270094856568 
2117	 0.550503324613465 
2118	 0.55069945918351 
2119	 0.550939666335985 
2120	 0.551190792167778 
2121	 0.551452669705406 
2122	 0.551744607435584 
2123	 0.552017854622526 
2124	 0.552302733281435 
2125	 0.552567599053728 
2126	 0.552824804367035 
2127	 0.553068209961041 
2128	 0.553303138562698 
2129	 0.553516405429724 
2130	 0.553725446579157 
2131	 0.553905321823993 
2132	 0.554045776359467 
2133	 0.554158875032587 
2134	 0.55423953906838 
2135	 0.554274490295937 
2136	 0.554301077674336 
2137	 0.554294786667184 
2138	 0.554290526625294 
2139	 0.554281054800118 
2140	 0.554238045001499 
2141	 0.554175763206718 
2142	 0.554099890010808 
2143	 0.55400953978906 
2144	 0.553881510555394 
2145	 0.553730704089797 
2146	 0.553562331149572 
2147	 0.553350891962744 
2148	 0.55313098140368 
2149	 0.552889758931373 
2150	 0.552637188224319 
2151	 0.552363024615434 
2152	 0.55206092118246 
2153	 0.551749910335511 
2154	 0.551420146052545 
2155	 0.551092063675993 
2156	 0.550751025228154 
2157	 0.550400489977729 
2158	 0.550052524979362 
2159	 0.549686189116031 
2160	 0.549301961421252 
2161	 0.548908326769886 
2162	 0.548509208296042 
2163	 0.548090397466035 
2164	 0.547651846230856 
2165	 0.547198823440567 
2166	 0.546751252882529 
2167	 0.54627157246456 
2168	 0.545858392064718 
2169	 0.545490258684046 
2170	 0.54507824393908 
2171	 0.544699488262632 
2172	 0.544270813420024 
2173	 0.543760699378037 
2174	 0.543323203284759 
2175	 0.542908900672177 
2176	 0.542493592300505 
2177	 0.542117053728222 
2178	 0.541717034922358 
2179	 0.541322541656875 
2180	 0.540894931159712 
2181	 0.540430340148907 
2182	 0.539984224188504 
2183	 0.539533270589245 
2184	 0.539057119394962 
2185	 0.538608427346987 
2186	 0.538171034213536 
2187	 0.537756561182278 
2188	 0.537345166183221 
2189	 0.536963429170926 
2190	 0.536622108662534 
2191	 0.536273893546197 
2192	 0.535939899607453 
2193	 0.535601086052691 
2194	 0.535276175956981 
2195	 0.534936949291388 
2196	 0.534583666914632 
2197	 0.534241138921773 
2198	 0.533885375681816 
2199	 0.533554082016219 
2200	 0.533223456343943 
2201	 0.532927758371461 
2202	 0.532671935485385 
2203	 0.532405171170224 
2204	 0.532178131765812 
2205	 0.531985221218872 
2206	 0.531800360531018 
2207	 0.531637573314933 
2208	 0.531484283646849 
2209	 0.531366922405507 
2210	 0.531212223751265 
2211	 0.531043315303262 
2212	 0.530894271735897 
2213	 0.530734094563043 
2214	 0.530584915474175 
2215	 0.530485455588294 
2216	 0.530332823964685 
2217	 0.53014300912162 
2218	 0.529966207117758 
2219	 0.529778009707764 
2220	 0.529575248880046 
2221	 0.529354861576587 
2222	 0.529153727279388 
2223	 0.528946166754556 
2224	 0.528764929153679 
2225	 0.528571556743928 
2226	 0.528413048799566 
2227	 0.528197921636638 
2228	 0.527942504378338 
2229	 0.527702499007132 
2230	 0.527475467981317 
2231	 0.52719330742391 
2232	 0.526895939319487 
2233	 0.526567437073023 
2234	 0.52615680286262 
2235	 0.525796845240338 
2236	 0.525426239194742 
2237	 0.525091321447362 
2238	 0.524777575165621 
2239	 0.524488680692077 
2240	 0.524235023979983 
2241	 0.523983203362717 
2242	 0.523750740083088 
2243	 0.523528697782112 
2244	 0.523328497984637 
2245	 0.523110071134785 
2246	 0.522917242063514 
2247	 0.522710988908771 
2248	 0.522538148550872 
2249	 0.522359109301069 
2250	 0.522244521202779 
2251	 0.522194345452165 
2252	 0.522110572812887 
2253	 0.522051894550657 
2254	 0.521968512897729 
2255	 0.521840727524191 
2256	 0.521770573660448 
2257	 0.521706300573314 
2258	 0.521705365585487 
2259	 0.521769223540592 
2260	 0.521822920944887 
2261	 0.521921114285477 
2262	 0.521998001999439 
2263	 0.522080725689408 
2264	 0.52214805612389 
2265	 0.522212686626589 
2266	 0.522266200977399 
2267	 0.522300950927999 
2268	 0.522333190224364 
2269	 0.522353404532847 
2270	 0.522384502311897 
2271	 0.522382250903563 
2272	 0.522395986766963 
2273	 0.522469023630621 
2274	 0.522554699928042 
2275	 0.522635500043127 
2276	 0.522755242088441 
2277	 0.522853748359423 
2278	 0.52293434112825 
2279	 0.523010601378339 
2280	 0.523102477976784 
2281	 0.523182549705988 
2282	 0.523218041057364 
2283	 0.523303295851082 
2284	 0.52340034267169 
2285	 0.523523008784327 
2286	 0.523693252508827 
2287	 0.523842980212096 
2288	 0.523999041271457 
2289	 0.524169339779387 
2290	 0.524298601042235 
2291	 0.524505723308597 
2292	 0.524756364379565 
2293	 0.525045297004732 
2294	 0.52543000515038 
2295	 0.525776217834909 
2296	 0.526156813056322 
2297	 0.526487001808271 
2298	 0.526815024746438 
2299	 0.527105575369982 
2300	 0.527400489644251 
2301	 0.527731958118723 
2302	 0.527963041192289 
2303	 0.528212286955003 
2304	 0.528523610421779 
2305	 0.528779150210334 
2306	 0.529075133473755 
2307	 0.529454160507968 
2308	 0.529757934084535 
2309	 0.530030540812513 
2310	 0.530287060738378 
2311	 0.53050475582442 
2312	 0.530759344625884 
2313	 0.530985725684377 
2314	 0.531244492841897 
2315	 0.531571053541461 
2316	 0.53184359888524 
2317	 0.532079310406438 
2318	 0.53235791798723 
2319	 0.532650738587126 
2320	 0.532913044827661 
2321	 0.533166264168996 
2322	 0.533437963042914 
2323	 0.53367027496492 
2324	 0.533974822817406 
2325	 0.534325741908464 
2326	 0.53471501356675 
2327	 0.535193103035765 
2328	 0.535610445245489 
2329	 0.535995539827661 
2330	 0.536379168384348 
2331	 0.536659751650327 
2332	 0.536888623935544 
2333	 0.5371662230422 
2334	 0.537493828018313 
2335	 0.537833748286615 
2336	 0.538159012682625 
2337	 0.538465992860335 
2338	 0.538718952002162 
2339	 0.53888969053505 
2340	 0.539041138434241 
2341	 0.539223336087135 
2342	 0.53934427220096 
2343	 0.539466680721957 
2344	 0.539611456715257 
2345	 0.539715128580488 
2346	 0.5397873435582 
2347	 0.539849037377625 
2348	 0.539909589814119 
2349	 0.53990889638371 
2350	 0.539851688579291 
2351	 0.539772115601924 
2352	 0.539605922582642 
2353	 0.539549714619242 
2354	 0.539532157376056 
2355	 0.539493430798674 
2356	 0.539565731729824 
2357	 0.539474157966878 
2358	 0.539252944750182 
2359	 0.539077619779411 
2360	 0.538837378026653 
2361	 0.53863388330194 
2362	 0.538464936370974 
2363	 0.538290095365419 
2364	 0.538066613853566 
2365	 0.537900065585964 
2366	 0.537817574509244 
2367	 0.537667377318789 
2368	 0.537513755448638 
2369	 0.537381824920017 
2370	 0.537264033888603 
2371	 0.537025246622052 
2372	 0.536858659823081 
2373	 0.536641279598615 
2374	 0.536279561402508 
2375	 0.535946794416344 
2376	 0.535623506143807 
2377	 0.535255268810965 
2378	 0.534980451282671 
2379	 0.534768316874371 
2380	 0.534528078558628 
2381	 0.534359587494609 
2382	 0.534166318002528 
2383	 0.533898467232723 
2384	 0.533664684814045 
2385	 0.533372691443211 
2386	 0.533042392583796 
2387	 0.532766882863099 
2388	 0.53248398772358 
2389	 0.532159151225978 
2390	 0.531778916242796 
2391	 0.531422264194376 
2392	 0.531057482446812 
2393	 0.530648559225286 
2394	 0.530297709731313 
2395	 0.529934575542018 
2396	 0.529634828873164 
2397	 0.52945169205221 
2398	 0.529198519321835 
2399	 0.528887605520349 
2400	 0.528525255840098 
2401	 0.528032650762632 
2402	 0.527592333677711 
2403	 0.527243572420725 
2404	 0.526864647373917 
2405	 0.526421893266485 
2406	 0.525936807658003 
2407	 0.525528882806384 
2408	 0.525133502801471 
2409	 0.524779263590298 
2410	 0.524596617437135 
2411	 0.524446298206752 
2412	 0.524174979920799 
2413	 0.523943123161836 
2414	 0.523709158577067 
2415	 0.523285314511375 
2416	 0.522993384463273 
2417	 0.522791830294421 
2418	 0.522575460697876 
2419	 0.522478884788409 
2420	 0.52215485258553 
2421	 0.521738489136008 
2422	 0.521327038033853 
2423	 0.520645750495965 
2424	 0.520278114655671 
2425	 0.520101217784733 
2426	 0.519826617421913 
2427	 0.519660324985445 
2428	 0.519474754760455 
2429	 0.519226836311785 
2430	 0.519024094821631 
2431	 0.51887214635429 
2432	 0.51870683177167 
2433	 0.518538702476021 
2434	 0.518387276211327 
2435	 0.51831784655617 
2436	 0.518159124915268 
2437	 0.517935140983094 
2438	 0.51770656261144 
2439	 0.517430318117202 
2440	 0.51714671495481 
2441	 0.516830887846445 
2442	 0.516554675989332 
2443	 0.516322231301926 
2444	 0.516035929574371 
2445	 0.515725895558753 
2446	 0.515506815354208 
2447	 0.515294472782122 
2448	 0.514992113538494 
2449	 0.514722561895606 
2450	 0.514382160115425 
2451	 0.513848215286532 
2452	 0.513534339408829 
2453	 0.51334630790471 
2454	 0.513182971162539 
2455	 0.513171902522979 
2456	 0.513058414721528 
2457	 0.512950033699506 
2458	 0.512759763636063 
2459	 0.512413331138952 
2460	 0.512224488693314 
2461	 0.51209056158422 
2462	 0.511927240796247 
2463	 0.511895845385445 
2464	 0.511685637364852 
2465	 0.511335226692568 
2466	 0.511091460218191 
2467	 0.510786588280198 
2468	 0.510538922027494 
2469	 0.510391341986676 
2470	 0.510090873164358 
2471	 0.5098340644406 
2472	 0.509702134068035 
2473	 0.509548405826724 
2474	 0.509410679942681 
2475	 0.509209594087328 
2476	 0.508858282098087 
2477	 0.508469742715213 
2478	 0.508073870067442 
2479	 0.507883457958778 
2480	 0.507677951480834 
2481	 0.507302190302691 
2482	 0.50714012766883 
2483	 0.506900889121297 
2484	 0.506558637851814 
2485	 0.506399674477729 
2486	 0.506058595096469 
2487	 0.505596784132568 
2488	 0.50544985123217 
2489	 0.505532618962698 
2490	 0.505656521477894 
2491	 0.505797356891869 
2492	 0.505674590811469 
2493	 0.505341738523467 
2494	 0.504960249307209 
2495	 0.504569924688285 
2496	 0.504337885419977 
2497	 0.504038734074083 
2498	 0.503617782250108 
2499	 0.503343361968948 
2500	 0.503108583922302 
