Wavelength	mm2000009.asd
350	 7.07840867542756E-02 
351	 6.48031467863627E-02 
352	 5.55685569813305E-02 
353	 5.21453735768006E-02 
354	 4.82548764075188E-02 
355	 5.89134598596227E-02 
356	 0.067446356479634 
357	 5.94173131186506E-02 
358	 0.057732284721114 
359	 5.40070931577938E-02 
360	 5.09516571699722E-02 
361	 5.67568151706244E-02 
362	 5.17219102968839E-02 
363	 4.97767874844424E-02 
364	 5.57351810315297E-02 
365	 5.41789591477194E-02 
366	 5.27116459768224E-02 
367	 5.32856684926551E-02 
368	 5.55170242664058E-02 
369	 5.66110270968211E-02 
370	 5.44708662465258E-02 
371	 5.11384474456391E-02 
372	 0.05124797363582 
373	 5.51003910069331E-02 
374	 5.91651311391476E-02 
375	 0.06106915650751 
376	 6.13538468707248E-02 
377	 5.78305370183924E-02 
378	 5.42465650220636E-02 
379	 5.47226430088013E-02 
380	 5.70069407897853E-02 
381	 5.79306147574733E-02 
382	 5.75059014852468E-02 
383	 5.81177423297261E-02 
384	 5.99432492009535E-02 
385	 5.89501501574632E-02 
386	 5.55110767199962E-02 
387	 5.95665186176686E-02 
388	 6.32238075540564E-02 
389	 6.39704320343241E-02 
390	 0.062188811360027 
391	 6.29544228201873E-02 
392	 6.45110797732631E-02 
393	 6.63547605139694E-02 
394	 0.069105454272211 
395	 6.92543534503536E-02 
396	 6.99763320364557E-02 
397	 7.31421068845841E-02 
398	 7.58022569803929E-02 
399	 7.67543164796961E-02 
400	 7.80253348034615E-02 
401	 8.16088409248368E-02 
402	 8.17671635854766E-02 
403	 8.20456049726268E-02 
404	 8.35513361226018E-02 
405	 8.44454028031097E-02 
406	 8.67270943403738E-02 
407	 8.90267263959455E-02 
408	 9.00949213241223E-02 
409	 9.04037229430054E-02 
410	 9.17173789138271E-02 
411	 9.35145597686095E-02 
412	 0.094404500672964 
413	 9.54995028559414E-02 
414	 9.61316145962485E-02 
415	 9.63755444312245E-02 
416	 9.74447990514481E-02 
417	 9.74503508559858E-02 
418	 9.74227392859939E-02 
419	 9.83089493633556E-02 
420	 9.84525295262323E-02 
421	 9.73674301643542E-02 
422	 9.61944859103408E-02 
423	 9.67505228908384E-02 
424	 9.63433949984829E-02 
425	 9.50584996349747E-02 
426	 9.36934882000014E-02 
427	 9.37639970454008E-02 
428	 9.25863448602461E-02 
429	 9.10583849395397E-02 
430	 9.06808884254949E-02 
431	 8.97785732345857E-02 
432	 8.85800479778329E-02 
433	 8.75898086196767E-02 
434	 8.74298495089452E-02 
435	 8.75126717856527E-02 
436	 8.77663876151643E-02 
437	 0.088131655316953 
438	 8.82182488013129E-02 
439	 8.89198652724617E-02 
440	 9.01626818822448E-02 
441	 9.14112312416087E-02 
442	 9.28311335641243E-02 
443	 9.42225579154336E-02 
444	 9.55299189595472E-02 
445	 9.69504759547273E-02 
446	 9.83177614808034E-02 
447	 9.96731028517236E-02 
448	 0.101146322453867 
449	 0.103042813094721 
450	 0.104564905101714 
451	 0.105822824828219 
452	 0.107654037247722 
453	 0.109036463788407 
454	 0.110209204229219 
455	 0.111537517746017 
456	 0.113185404527041 
457	 0.114563646541014 
458	 0.115576063379874 
459	 0.116407077447088 
460	 0.117365223449319 
461	 0.118375392260907 
462	 0.119348076221155 
463	 0.120223466256766 
464	 0.121391305485364 
465	 0.122390083584482 
466	 0.122884022131209 
467	 0.124058869465433 
468	 0.1248686941603 
469	 0.125180126316001 
470	 0.125630476192362 
471	 0.126186336412096 
472	 0.126786403020068 
473	 0.127335707056245 
474	 0.127652059787003 
475	 0.128288475840564 
476	 0.12897580015964 
477	 0.129230230403723 
478	 0.129882877274388 
479	 0.130689584133783 
480	 0.131382500749747 
481	 0.131799455213112 
482	 0.132194000139024 
483	 0.132688401369197 
484	 0.133281497569972 
485	 0.13366511332093 
486	 0.134013448894079 
487	 0.13447174603526 
488	 0.13512294261234 
489	 0.13558695950669 
490	 0.13605127914482 
491	 0.136654063718457 
492	 0.137179734111033 
493	 0.137506081337022 
494	 0.137763363466082 
495	 0.138192096732172 
496	 0.138803531624529 
497	 0.139302090317681 
498	 0.139681913584783 
499	 0.14042097957981 
500	 0.140864819271979 
501	 0.14112528402043 
502	 0.141479282861525 
503	 0.14181472298659 
504	 0.142359595471972 
505	 0.142990202725799 
506	 0.143288015224162 
507	 0.143696855693503 
508	 0.14417299251142 
509	 0.144639635689539 
510	 0.14523547262317 
511	 0.145531213579692 
512	 0.145710615902005 
513	 0.146222103596354 
514	 0.146645821100904 
515	 0.147057451351629 
516	 0.14753166653569 
517	 0.148068006986798 
518	 0.148371826922522 
519	 0.148562979562224 
520	 0.14889225877874 
521	 0.14948791370022 
522	 0.14997690165975 
523	 0.150285105343714 
524	 0.150675007511015 
525	 0.150991184897375 
526	 0.151341146511284 
527	 0.151801758790759 
528	 0.152184607314861 
529	 0.15256212017683 
530	 0.15293231451441 
531	 0.153253821917496 
532	 0.153607381447391 
533	 0.154101531496126 
534	 0.15467808621633 
535	 0.154912492523459 
536	 0.155187873028026 
537	 0.15554803724119 
538	 0.155915393158348 
539	 0.15635087640643 
540	 0.156701034001578 
541	 0.156994257660273 
542	 0.157517510400337 
543	 0.157976804845394 
544	 0.15839717827348 
545	 0.158845088263048 
546	 0.159178364874439 
547	 0.159552775740308 
548	 0.1599895123882 
549	 0.160394316451543 
550	 0.160848539360696 
551	 0.161372432602911 
552	 0.16193149386626 
553	 0.162388025375861 
554	 0.162752551515805 
555	 0.163158442777045 
556	 0.16376645741523 
557	 0.16432304626031 
558	 0.164863281850623 
559	 0.165441191237743 
560	 0.166089676089521 
561	 0.166701796907033 
562	 0.16729547892804 
563	 0.167931630857552 
564	 0.16864023546683 
565	 0.169333108206912 
566	 0.169934671303889 
567	 0.170396475986278 
568	 0.170956890868086 
569	 0.171686349143997 
570	 0.172553746686243 
571	 0.173370446571582 
572	 0.174209048931293 
573	 0.175037182200544 
574	 0.175764150402506 
575	 0.176544767431276 
576	 0.177458621119616 
577	 0.17847811458314 
578	 0.179372664615539 
579	 0.180283018711644 
580	 0.181172788294039 
581	 0.181955200645271 
582	 0.182705529749067 
583	 0.183474328072492 
584	 0.184300165558091 
585	 0.185210918850256 
586	 0.186270180105205 
587	 0.187413500744568 
588	 0.188551168661571 
589	 0.189684812818376 
590	 0.190825850676812 
591	 0.191957965904171 
592	 0.193040480654871 
593	 0.193983179427776 
594	 0.194837068480867 
595	 0.195644725482908 
596	 0.196321207726767 
597	 0.19708497085812 
598	 0.197951838688094 
599	 0.198828996805501 
600	 0.199728035559853 
601	 0.200654586169961 
602	 0.201591965197727 
603	 0.202491336836948 
604	 0.203318718563818 
605	 0.204130852258317 
606	 0.20499727914811 
607	 0.205849094741538 
608	 0.206673157378323 
609	 0.207477737344834 
610	 0.208291311622005 
611	 0.208962489406845 
612	 0.209519360050375 
613	 0.210021631723714 
614	 0.210462271552711 
615	 0.210922310686672 
616	 0.211390292591659 
617	 0.211796610281685 
618	 0.212262068712988 
619	 0.212687155835524 
620	 0.213027408534618 
621	 0.213425820584269 
622	 0.213805377232065 
623	 0.214144772767243 
624	 0.214446081506577 
625	 0.214719629321953 
626	 0.214990554166775 
627	 0.215286927198338 
628	 0.215640493244007 
629	 0.215900282222649 
630	 0.216145645533634 
631	 0.2164580019642 
632	 0.216650225262463 
633	 0.216864669413756 
634	 0.217139683942968 
635	 0.217418288256085 
636	 0.217629400455051 
637	 0.217820634285978 
638	 0.218035542986744 
639	 0.21825077655695 
640	 0.218473779601747 
641	 0.218733389676232 
642	 0.219047781158868 
643	 0.219283200362759 
644	 0.219511633503276 
645	 0.219773075870539 
646	 0.220032494475874 
647	 0.22024891046396 
648	 0.220467633970958 
649	 0.220740212693395 
650	 0.221024099014692 
651	 0.221315876210913 
652	 0.221616913031605 
653	 0.221931567678685 
654	 0.222242986261683 
655	 0.222531185625829 
656	 0.222813003578445 
657	 0.223199212883149 
658	 0.223591861305607 
659	 0.223943104053414 
660	 0.224245108235129 
661	 0.224593294789237 
662	 0.224990053919523 
663	 0.225413489077082 
664	 0.225822014098586 
665	 0.226243785321881 
666	 0.226643246089282 
667	 0.226999905533726 
668	 0.227424388855842 
669	 0.22785661512658 
670	 0.228294162897535 
671	 0.228779557896075 
672	 0.229226148188662 
673	 0.229712031557839 
674	 0.230255574064571 
675	 0.23065138022509 
676	 0.231131398225358 
677	 0.231710204943818 
678	 0.232300981390902 
679	 0.232842005078743 
680	 0.233396477441698 
681	 0.233966476691474 
682	 0.234458845342742 
683	 0.235051175204632 
684	 0.235685219135955 
685	 0.236271199255727 
686	 0.236842422328656 
687	 0.237479808331106 
688	 0.238137416722962 
689	 0.23869798697468 
690	 0.239365387662659 
691	 0.240050938972069 
692	 0.240696150838667 
693	 0.241397879760958 
694	 0.242030674518181 
695	 0.242665079930451 
696	 0.24339759146923 
697	 0.244040770774816 
698	 0.244709656466026 
699	 0.245414438853793 
700	 0.246042945295934 
701	 0.246777222551301 
702	 0.247506144564211 
703	 0.248139416401911 
704	 0.248827045652329 
705	 0.249482578636474 
706	 0.250133843543972 
707	 0.250852229655489 
708	 0.251558568302957 
709	 0.252262242979909 
710	 0.252963213103001 
711	 0.253637212982868 
712	 0.254273508371018 
713	 0.254863924147471 
714	 0.255432566646235 
715	 0.256119257339727 
716	 0.256737814228944 
717	 0.257281134974838 
718	 0.257872613208534 
719	 0.258472390225431 
720	 0.259004377921213 
721	 0.259461675180462 
722	 0.259982224371252 
723	 0.26050497081252 
724	 0.260967374760599 
725	 0.261337553293964 
726	 0.261743958050408 
727	 0.262123216366126 
728	 0.262465549954008 
729	 0.262813562046921 
730	 0.263062656062711 
731	 0.263277536255613 
732	 0.263511239473453 
733	 0.263713522139639 
734	 0.263912253792797 
735	 0.264041897737715 
736	 0.264037681732984 
737	 0.264071784101299 
738	 0.264120270181109 
739	 0.264141139864697 
740	 0.264091528305466 
741	 0.263992095160374 
742	 0.263866426034506 
743	 0.26372247857924 
744	 0.263526435974971 
745	 0.263269482663014 
746	 0.26297176508881 
747	 0.262666924602023 
748	 0.262367554340094 
749	 0.262035075674375 
750	 0.26166553114945 
751	 0.261300309404104 
752	 0.26081735107346 
753	 0.260266287795561 
754	 0.259722671228823 
755	 0.259213799743697 
756	 0.258684236471355 
757	 0.258116046294889 
758	 0.25751652809532 
759	 0.256911527775303 
760	 0.256272795799871 
761	 0.255596876091575 
762	 0.254917094065491 
763	 0.254229497652608 
764	 0.253507829198816 
765	 0.252747744116212 
766	 0.252021608811682 
767	 0.251283279785519 
768	 0.250517608583737 
769	 0.249730727029155 
770	 0.24895639830884 
771	 0.248199323602253 
772	 0.24741743109989 
773	 0.246523517048447 
774	 0.245688061037672 
775	 0.244873273970174 
776	 0.244032547211877 
777	 0.243235769953384 
778	 0.242418446837418 
779	 0.241605746593062 
780	 0.240837102736626 
781	 0.239963859739049 
782	 0.239121395327493 
783	 0.238339172330676 
784	 0.237516840774416 
785	 0.236677242631932 
786	 0.235844935787186 
787	 0.235038940776048 
788	 0.234264420647811 
789	 0.233488902949329 
790	 0.232680801097049 
791	 0.231835452182634 
792	 0.231069322293745 
793	 0.230266714895826 
794	 0.229437106957387 
795	 0.228695240908929 
796	 0.227903636617822 
797	 0.227136431710121 
798	 0.2264303230965 
799	 0.225696357353106 
800	 0.224961353197611 
801	 0.224224142425697 
802	 0.223485509984856 
803	 0.222781992470764 
804	 0.222071238629455 
805	 0.221354792038583 
806	 0.22066212317665 
807	 0.219982214856223 
808	 0.219337400040932 
809	 0.21869969617707 
810	 0.217976002819508 
811	 0.217315110954857 
812	 0.21668254200572 
813	 0.2160376602131 
814	 0.215443081892365 
815	 0.214881420249918 
816	 0.214303685419175 
817	 0.213672926427587 
818	 0.213078249199664 
819	 0.212570220965154 
820	 0.212069206163365 
821	 0.211419149036443 
822	 0.210902377476209 
823	 0.21035140767641 
824	 0.209710626823144 
825	 0.209213043146836 
826	 0.208773431374613 
827	 0.20829126291415 
828	 0.207726153782799 
829	 0.207245546890933 
830	 0.206746173687872 
831	 0.206247902332314 
832	 0.205817553720975 
833	 0.205425297546251 
834	 0.205023763563101 
835	 0.204584492935695 
836	 0.20411002159687 
837	 0.203731980347922 
838	 0.203385116565468 
839	 0.203002319323326 
840	 0.202572094816008 
841	 0.20218303305825 
842	 0.201826208878705 
843	 0.201474862820559 
844	 0.20114926752656 
845	 0.200821020033588 
846	 0.200482691901071 
847	 0.200153518922313 
848	 0.199934732120472 
849	 0.19967252184717 
850	 0.199303068555264 
851	 0.198873225368194 
852	 0.1985545772781 
853	 0.198352898049696 
854	 0.198202118956941 
855	 0.19798117623448 
856	 0.197728417087645 
857	 0.19744211520155 
858	 0.197158387814096 
859	 0.197032751520402 
860	 0.196860819486713 
861	 0.196631094723324 
862	 0.19640287420667 
863	 0.196195118694419 
864	 0.196042438008571 
865	 0.195914262859888 
866	 0.195754679985753 
867	 0.19564226186343 
868	 0.195508187497577 
869	 0.195349349448762 
870	 0.195235005695771 
871	 0.195091505036465 
872	 0.194976557603676 
873	 0.194921510882133 
874	 0.194882399366155 
875	 0.194820316852488 
876	 0.194710327938375 
877	 0.194572255946313 
878	 0.194518552876178 
879	 0.194508058452479 
880	 0.194506122262038 
881	 0.1944887597939 
882	 0.194470143881099 
883	 0.1945182778562 
884	 0.194542617000287 
885	 0.19442612803074 
886	 0.194455333285981 
887	 0.194525774679158 
888	 0.194559393136428 
889	 0.194542233842101 
890	 0.194583731447733 
891	 0.194659884992823 
892	 0.194754245237251 
893	 0.19488063646475 
894	 0.194994610973614 
895	 0.195085256687856 
896	 0.195165470694724 
897	 0.195273980877677 
898	 0.195426067338894 
899	 0.195594328552725 
900	 0.195740326232863 
901	 0.195826383359138 
902	 0.195954346197165 
903	 0.196137271581481 
904	 0.196336633967011 
905	 0.196455180707899 
906	 0.196651393288588 
907	 0.196925901259809 
908	 0.197208885900536 
909	 0.19754359522846 
910	 0.197744161576758 
911	 0.197863282331859 
912	 0.198092586982739 
913	 0.198339359770965 
914	 0.198683747861941 
915	 0.199070315666798 
916	 0.199337921826481 
917	 0.199587147660253 
918	 0.199894096273064 
919	 0.200245295910741 
920	 0.200538469128119 
921	 0.200873082169622 
922	 0.201288004584128 
923	 0.201729481953701 
924	 0.20204274173377 
925	 0.202423440938973 
926	 0.202842953512449 
927	 0.203238774286016 
928	 0.20357875894447 
929	 0.204072527496542 
930	 0.20458896099433 
931	 0.20501147177406 
932	 0.205469312436964 
933	 0.205993019513472 
934	 0.206527638151599 
935	 0.207028408335094 
936	 0.20756662108075 
937	 0.208083316437443 
938	 0.208595798517354 
939	 0.209143612373003 
940	 0.209750488983862 
941	 0.210328653968199 
942	 0.210922714460978 
943	 0.211585312673259 
944	 0.212177795396968 
945	 0.212751963156848 
946	 0.213351457485202 
947	 0.213996825193078 
948	 0.214639699898647 
949	 0.215294758248392 
950	 0.215957811005557 
951	 0.216634318955465 
952	 0.217437351502409 
953	 0.218076909795343 
954	 0.218710139669094 
955	 0.219633738568699 
956	 0.220403723833288 
957	 0.221150554424055 
958	 0.221908561529622 
959	 0.222653273391453 
960	 0.223474931084241 
961	 0.224331873556895 
962	 0.225188758958997 
963	 0.226017402249928 
964	 0.226775533493975 
965	 0.227581792989384 
966	 0.228451064019307 
967	 0.229330455332819 
968	 0.230278429838276 
969	 0.231197433629964 
970	 0.232082724918553 
971	 0.232995162604059 
972	 0.233938905318956 
973	 0.234941868479656 
974	 0.235929823304617 
975	 0.236814534994592 
976	 0.237828896770523 
977	 0.238902163018249 
978	 0.239926937798419 
979	 0.240845292543678 
980	 0.241909206266727 
981	 0.24292887275737 
982	 0.243929826653057 
983	 0.245035797498882 
984	 0.246050554094114 
985	 0.246969802267115 
986	 0.247967301902877 
987	 0.249190940474541 
988	 0.250225633629697 
989	 0.251175290202547 
990	 0.252208379442471 
991	 0.253419865071278 
992	 0.25450033919726 
993	 0.255588605404121 
994	 0.256699401536133 
995	 0.257791459427401 
996	 0.258887141049312 
997	 0.259928593684696 
998	 0.260978378066997 
999	 0.262123661100765 
1000	 0.263369258349425 
1001	 0.257887880250212 
1002	 0.258948719474729 
1003	 0.259956246767482 
1004	 0.260946955665471 
1005	 0.262024460268432 
1006	 0.263051020607872 
1007	 0.264010630939651 
1008	 0.264941523403012 
1009	 0.265908828896132 
1010	 0.266900398558118 
1011	 0.267876643029152 
1012	 0.268845935633193 
1013	 0.269879675770786 
1014	 0.270875594381629 
1015	 0.27179947339838 
1016	 0.272774182852881 
1017	 0.273734347409333 
1018	 0.274686715031215 
1019	 0.275587222287939 
1020	 0.276521191580616 
1021	 0.277442149660569 
1022	 0.278333449532433 
1023	 0.279254212687378 
1024	 0.280136717454301 
1025	 0.281000439783029 
1026	 0.281879402826723 
1027	 0.282732911697749 
1028	 0.283613990063923 
1029	 0.284503484711301 
1030	 0.285399268324699 
1031	 0.286293768067115 
1032	 0.287210742437753 
1033	 0.288109248147663 
1034	 0.28896218943845 
1035	 0.289751265646184 
1036	 0.290539397086034 
1037	 0.291347749906402 
1038	 0.29217571636162 
1039	 0.293031676601402 
1040	 0.293850525869169 
1041	 0.294688955854058 
1042	 0.295578072404206 
1043	 0.296443864244493 
1044	 0.297279519527205 
1045	 0.298131188251618 
1046	 0.298913290137769 
1047	 0.299642391183583 
1048	 0.300457220864049 
1049	 0.301267428097104 
1050	 0.302061709751213 
1051	 0.302920269812813 
1052	 0.303716505432864 
1053	 0.304464637563911 
1054	 0.305255267177564 
1055	 0.306036749524165 
1056	 0.306836233616813 
1057	 0.307640328641794 
1058	 0.308496829472908 
1059	 0.309306335535735 
1060	 0.310120881449089 
1061	 0.310837036359623 
1062	 0.311569036502768 
1063	 0.31234072740748 
1064	 0.313093188386201 
1065	 0.313884430821144 
1066	 0.314639777184128 
1067	 0.315321773359107 
1068	 0.316024402770705 
1069	 0.316749215600903 
1070	 0.317455408797559 
1071	 0.318169641282683 
1072	 0.318888282318529 
1073	 0.319596388749852 
1074	 0.32027365212439 
1075	 0.320940802602189 
1076	 0.321613488195735 
1077	 0.322266638024574 
1078	 0.322892191540974 
1079	 0.323527607950717 
1080	 0.324174642671979 
1081	 0.324811365618712 
1082	 0.325508587696934 
1083	 0.326176286371979 
1084	 0.326853454177465 
1085	 0.327507138364992 
1086	 0.328137063373969 
1087	 0.328760811373301 
1088	 0.329350841346797 
1089	 0.330023028378304 
1090	 0.330647589001657 
1091	 0.33126086814469 
1092	 0.331937654692148 
1093	 0.332542318994071 
1094	 0.333132360892605 
1095	 0.333761824318428 
1096	 0.334379981354577 
1097	 0.335012239839239 
1098	 0.335631636107218 
1099	 0.336281033837045 
1100	 0.33688522917562 
1101	 0.337436085085352 
1102	 0.33802460777577 
1103	 0.338622467573497 
1104	 0.339215307473734 
1105	 0.339820501052704 
1106	 0.340418458036676 
1107	 0.341002059038262 
1108	 0.341586739428171 
1109	 0.34215616644145 
1110	 0.342766106938996 
1111	 0.343362352755724 
1112	 0.34396356854087 
1113	 0.34454513078409 
1114	 0.345114346154609 
1115	 0.345695779658132 
1116	 0.346279909673724 
1117	 0.346855687767744 
1118	 0.347431765243451 
1119	 0.348008575864947 
1120	 0.348599737302149 
1121	 0.349183275144813 
1122	 0.349788256027567 
1123	 0.35039117018693 
1124	 0.350972440815557 
1125	 0.351531784221385 
1126	 0.352095055067065 
1127	 0.352654002791397 
1128	 0.353208659066638 
1129	 0.353753215266665 
1130	 0.354298430779746 
1131	 0.35485376245394 
1132	 0.355389938990362 
1133	 0.355888020165935 
1134	 0.3564237265632 
1135	 0.356988112714435 
1136	 0.357513530109815 
1137	 0.35804587951304 
1138	 0.358608759545516 
1139	 0.359152326828226 
1140	 0.359686892747049 
1141	 0.360200060231756 
1142	 0.360713967340872 
1143	 0.36121746299692 
1144	 0.361690733913269 
1145	 0.36217038372471 
1146	 0.362654643860849 
1147	 0.363125437916947 
1148	 0.363576288207539 
1149	 0.364037898384082 
1150	 0.364486445815495 
1151	 0.364971565138108 
1152	 0.365453871058643 
1153	 0.365925613112126 
1154	 0.366401772181054 
1155	 0.366884511434688 
1156	 0.367357772494135 
1157	 0.367817786230964 
1158	 0.368297436763613 
1159	 0.368788436547014 
1160	 0.369271138078064 
1161	 0.369774845424041 
1162	 0.370248342685929 
1163	 0.370702801578385 
1164	 0.371154365844818 
1165	 0.371572390185628 
1166	 0.372019953742877 
1167	 0.372499849133127 
1168	 0.37296970888873 
1169	 0.373440286180245 
1170	 0.373942274512855 
1171	 0.374400520810959 
1172	 0.374831020451507 
1173	 0.375265472280256 
1174	 0.375675664415434 
1175	 0.376115475610015 
1176	 0.376574798121018 
1177	 0.377014015246306 
1178	 0.377462549261802 
1179	 0.377900992236697 
1180	 0.378318581921161 
1181	 0.378739508775668 
1182	 0.379163843021111 
1183	 0.379586549832136 
1184	 0.38000640165842 
1185	 0.380417928088886 
1186	 0.38083723798238 
1187	 0.38127059937898 
1188	 0.381675448379443 
1189	 0.382065550512013 
1190	 0.382463559378598 
1191	 0.382847373540199 
1192	 0.383239670898077 
1193	 0.383649105332518 
1194	 0.384041659852256 
1195	 0.384413741116672 
1196	 0.384801438577329 
1197	 0.385195148023893 
1198	 0.385585461017356 
1199	 0.385977765840941 
1200	 0.386382757019527 
1201	 0.386769764701986 
1202	 0.387146403934169 
1203	 0.387524825943347 
1204	 0.387895777617183 
1205	 0.388274192200578 
1206	 0.388659261346657 
1207	 0.389033720516951 
1208	 0.38941369889401 
1209	 0.389778515317453 
1210	 0.390136284466841 
1211	 0.39048039798559 
1212	 0.390798556842529 
1213	 0.391133254152165 
1214	 0.391457355455159 
1215	 0.391794650101035 
1216	 0.392141877049161 
1217	 0.392507067109746 
1218	 0.392865545478265 
1219	 0.393238700892203 
1220	 0.393583754856304 
1221	 0.393924096148878 
1222	 0.394252790900612 
1223	 0.394551847456181 
1224	 0.394872314710697 
1225	 0.395202305680583 
1226	 0.395521839195753 
1227	 0.395854510719953 
1228	 0.396163806482206 
1229	 0.396443299415624 
1230	 0.396740229396547 
1231	 0.397025195147625 
1232	 0.397324928269608 
1233	 0.397635289686819 
1234	 0.397967576339496 
1235	 0.398280163500144 
1236	 0.398597967219864 
1237	 0.398903468228851 
1238	 0.399188976108387 
1239	 0.399498254914577 
1240	 0.399816428890704 
1241	 0.400128268871475 
1242	 0.400460910308751 
1243	 0.40076702416083 
1244	 0.401055158366254 
1245	 0.401344556113535 
1246	 0.401616395018491 
1247	 0.401899535218778 
1248	 0.402197897618669 
1249	 0.40247714344075 
1250	 0.402747216806633 
1251	 0.403019716360732 
1252	 0.403292802343599 
1253	 0.403561757983525 
1254	 0.403816492020674 
1255	 0.404073892476238 
1256	 0.404320607020602 
1257	 0.404545376638252 
1258	 0.404776453955118 
1259	 0.40500753668782 
1260	 0.405239594805074 
1261	 0.405460455120412 
1262	 0.405691429560626 
1263	 0.405935584115433 
1264	 0.406176294035004 
1265	 0.406424744772592 
1266	 0.406664007326063 
1267	 0.406902976344939 
1268	 0.407121179540205 
1269	 0.407365764142522 
1270	 0.407606814074127 
1271	 0.407866694799611 
1272	 0.408159652033493 
1273	 0.408420880781482 
1274	 0.408672798822078 
1275	 0.408929655845048 
1276	 0.409176429186616 
1277	 0.409428011301563 
1278	 0.409679972459027 
1279	 0.409940607066936 
1280	 0.410195234352708 
1281	 0.410465526449997 
1282	 0.410772884526787 
1283	 0.411047725088552 
1284	 0.411317068583104 
1285	 0.41157587035033 
1286	 0.411806133796635 
1287	 0.412033632400444 
1288	 0.412268104034618 
1289	 0.412510097752807 
1290	 0.412726846294712 
1291	 0.412932860295936 
1292	 0.413139436388476 
1293	 0.413340580453847 
1294	 0.413518034003491 
1295	 0.413692003971984 
1296	 0.413850053427737 
1297	 0.413973592482119 
1298	 0.41410571034229 
1299	 0.414243740871824 
1300	 0.41436472700264 
1301	 0.414471928631376 
1302	 0.414573706698364 
1303	 0.41466800818148 
1304	 0.414747510186183 
1305	 0.414837481536335 
1306	 0.414916209879072 
1307	 0.414974622123205 
1308	 0.415028026454425 
1309	 0.415069641587484 
1310	 0.415082372777506 
1311	 0.415118052183771 
1312	 0.415168782175523 
1313	 0.415195327183162 
1314	 0.415221823829306 
1315	 0.415231987505455 
1316	 0.415207600530078 
1317	 0.415207585548968 
1318	 0.415216381724536 
1319	 0.415220071826756 
1320	 0.415243255229176 
1321	 0.415237174279979 
1322	 0.415227283220733 
1323	 0.415179865003068 
1324	 0.415117834379269 
1325	 0.415080847509301 
1326	 0.415045003451419 
1327	 0.415012106638173 
1328	 0.414983980208919 
1329	 0.414947251803665 
1330	 0.414894684183796 
1331	 0.414826785411131 
1332	 0.414760598411664 
1333	 0.414690939776076 
1334	 0.414604926334814 
1335	 0.414502741841893 
1336	 0.414413941181195 
1337	 0.41430986472284 
1338	 0.41422237802338 
1339	 0.414160162093567 
1340	 0.414079467200357 
1341	 0.414009337342899 
1342	 0.413914227136683 
1343	 0.413793547418746 
1344	 0.413676761321419 
1345	 0.413578811437438 
1346	 0.413456880325918 
1347	 0.413362327493049 
1348	 0.413271399799508 
1349	 0.413115989020386 
1350	 0.412965560934139 
1351	 0.41282783642126 
1352	 0.412678898712859 
1353	 0.412538065118903 
1354	 0.412433030581371 
1355	 0.412275998330152 
1356	 0.412067036154696 
1357	 0.411907300396986 
1358	 0.411744264518503 
1359	 0.411600229466319 
1360	 0.411498232714741 
1361	 0.41137503571615 
1362	 0.411259311123546 
1363	 0.411120455984712 
1364	 0.410969885009852 
1365	 0.410815409603437 
1366	 0.41064941634605 
1367	 0.410461122573173 
1368	 0.410299316562929 
1369	 0.410144113378674 
1370	 0.409953033120862 
1371	 0.409737759589244 
1372	 0.409486764621181 
1373	 0.409197979575774 
1374	 0.408879266198935 
1375	 0.408547738911066 
1376	 0.408147032376673 
1377	 0.40771448158254 
1378	 0.407195757084058 
1379	 0.40660003679579 
1380	 0.405979379151342 
1381	 0.405293222573354 
1382	 0.404577138553691 
1383	 0.403854467323555 
1384	 0.403043487765596 
1385	 0.402208645977167 
1386	 0.401259823900388 
1387	 0.400223993516208 
1388	 0.399120335936351 
1389	 0.39793003252095 
1390	 0.396655834542124 
1391	 0.395350203055691 
1392	 0.393969919767841 
1393	 0.392479367611249 
1394	 0.390936482826372 
1395	 0.389281438268263 
1396	 0.387591237731881 
1397	 0.385930650351133 
1398	 0.384248987152403 
1399	 0.382560036751324 
1400	 0.380881000567149 
1401	 0.379183608899881 
1402	 0.377440733887143 
1403	 0.375757261195752 
1404	 0.374083929693492 
1405	 0.37244933988839 
1406	 0.37084133313701 
1407	 0.369253065338001 
1408	 0.367661346108643 
1409	 0.366154516299298 
1410	 0.364639260885027 
1411	 0.363279909821779 
1412	 0.362009079578786 
1413	 0.360845154555113 
1414	 0.359841587386352 
1415	 0.358923646597225 
1416	 0.358131385158622 
1417	 0.357438196064478 
1418	 0.356793429188127 
1419	 0.356219791282462 
1420	 0.355677678102426 
1421	 0.355133837737746 
1422	 0.354580929125955 
1423	 0.354027278596111 
1424	 0.353449009151076 
1425	 0.352835931723186 
1426	 0.352249695739755 
1427	 0.351641213188209 
1428	 0.351085376190331 
1429	 0.350545113384245 
1430	 0.350045587750884 
1431	 0.34960051786343 
1432	 0.349144132809719 
1433	 0.348695841116465 
1434	 0.348277767657262 
1435	 0.347852971288215 
1436	 0.347481022618935 
1437	 0.347166363073207 
1438	 0.346854334961306 
1439	 0.346569238252415 
1440	 0.346307970983747 
1441	 0.346026258552796 
1442	 0.345737066862937 
1443	 0.345428952859456 
1444	 0.345122800751858 
1445	 0.344861655634225 
1446	 0.344605837740413 
1447	 0.344379554745978 
1448	 0.344139566041641 
1449	 0.343833129046997 
1450	 0.343513610271155 
1451	 0.343187877557045 
1452	 0.34282615853905 
1453	 0.342487861727433 
1454	 0.342172115420753 
1455	 0.341810597236329 
1456	 0.341435922873508 
1457	 0.341032348740265 
1458	 0.34057244337757 
1459	 0.340159331984175 
1460	 0.339729185648745 
1461	 0.339348633780071 
1462	 0.339003338371182 
1463	 0.338670756954054 
1464	 0.338357681067464 
1465	 0.338069989109969 
1466	 0.337771810948861 
1467	 0.337555987697389 
1468	 0.33734760897727 
1469	 0.337255543395048 
1470	 0.337255296735873 
1471	 0.337331412825605 
1472	 0.337468039236569 
1473	 0.337682010097745 
1474	 0.337944795413545 
1475	 0.338260070705277 
1476	 0.338638673664787 
1477	 0.339067960101594 
1478	 0.339564360191654 
1479	 0.340095357319501 
1480	 0.34065943973633 
1481	 0.341286845757561 
1482	 0.341904989074288 
1483	 0.342554852566373 
1484	 0.343168751027865 
1485	 0.3437889415084 
1486	 0.344386043250865 
1487	 0.344948191871648 
1488	 0.345529393922211 
1489	 0.34613296553454 
1490	 0.34669189644931 
1491	 0.347248722952562 
1492	 0.347761311550823 
1493	 0.348220253220619 
1494	 0.348685236200524 
1495	 0.349126232778988 
1496	 0.349563809432025 
1497	 0.350003804877828 
1498	 0.350423024682122 
1499	 0.350834261684775 
1500	 0.351218292802127 
1501	 0.351568756887274 
1502	 0.3519220299135 
1503	 0.352261570170852 
1504	 0.352586902915536 
1505	 0.352913483246337 
1506	 0.353233921171672 
1507	 0.353556336734495 
1508	 0.353873025605325 
1509	 0.354174600192898 
1510	 0.354467128179321 
1511	 0.354721777951387 
1512	 0.354955577112712 
1513	 0.35519624305774 
1514	 0.355462693271207 
1515	 0.355741453615674 
1516	 0.356020497123114 
1517	 0.356301154106324 
1518	 0.356586285855356 
1519	 0.356865449697139 
1520	 0.357157534602156 
1521	 0.357419205645245 
1522	 0.357660124413452 
1523	 0.35791522961467 
1524	 0.358153568388742 
1525	 0.358398449150695 
1526	 0.358659511679077 
1527	 0.358912676899645 
1528	 0.359164193197535 
1529	 0.35939908570878 
1530	 0.359635075143319 
1531	 0.359852808345283 
1532	 0.360040733940841 
1533	 0.360240416531744 
1534	 0.360437405121713 
1535	 0.360634859005484 
1536	 0.360829464397171 
1537	 0.361028718158778 
1538	 0.361228847338522 
1539	 0.361429760471734 
1540	 0.361628762084785 
1541	 0.361836066956707 
1542	 0.36206100608976 
1543	 0.362266334104709 
1544	 0.362476421820039 
1545	 0.362670850901833 
1546	 0.362844080308056 
1547	 0.363009076732095 
1548	 0.363188403542896 
1549	 0.363334618388536 
1550	 0.36347809441193 
1551	 0.363640047685345 
1552	 0.363800846226079 
1553	 0.36398945635172 
1554	 0.364194606847693 
1555	 0.364386889088947 
1556	 0.364574949553935 
1557	 0.36475077891517 
1558	 0.364931182621144 
1559	 0.365131223494719 
1560	 0.365319704208827 
1561	 0.365523574273112 
1562	 0.365689042995121 
1563	 0.365829325109966 
1564	 0.365980699475255 
1565	 0.366118275940425 
1566	 0.366259151093927 
1567	 0.366411492774421 
1568	 0.366542839798337 
1569	 0.366650891555472 
1570	 0.366778714575946 
1571	 0.366911398075645 
1572	 0.367034562368032 
1573	 0.36716268196147 
1574	 0.367286858347923 
1575	 0.367402775285175 
1576	 0.367514883292015 
1577	 0.367624349323208 
1578	 0.36773637877259 
1579	 0.36783489544831 
1580	 0.367950795517351 
1581	 0.368080713167702 
1582	 0.368210477464987 
1583	 0.36836394554769 
1584	 0.368480770460545 
1585	 0.368596344217106 
1586	 0.368680276730839 
1587	 0.368718814019166 
1588	 0.368768481716163 
1589	 0.368800886147749 
1590	 0.368840986248586 
1591	 0.36887272464363 
1592	 0.36892366904944 
1593	 0.368981057791844 
1594	 0.369048593831372 
1595	 0.36915148552467 
1596	 0.369224474160016 
1597	 0.369296007806962 
1598	 0.369351863025327 
1599	 0.369385243122393 
1600	 0.369412153524988 
1601	 0.369414148907866 
1602	 0.369435480900476 
1603	 0.36944256951147 
1604	 0.369476755629197 
1605	 0.369540457249908 
1606	 0.369604921895794 
1607	 0.369685074516823 
1608	 0.369774470790917 
1609	 0.369857772186901 
1610	 0.369909724600905 
1611	 0.369902502774773 
1612	 0.369886260423046 
1613	 0.369842516902247 
1614	 0.369793970140404 
1615	 0.369792121753834 
1616	 0.369794655415396 
1617	 0.369804584703445 
1618	 0.369821124758367 
1619	 0.369830913987034 
1620	 0.369838900214202 
1621	 0.369847531091141 
1622	 0.369868382486009 
1623	 0.369850783874546 
1624	 0.369814242861035 
1625	 0.369782014434059 
1626	 0.369721876933087 
1627	 0.369688238584518 
1628	 0.369663464643041 
1629	 0.369656823330091 
1630	 0.36966669880728 
1631	 0.369660852511477 
1632	 0.369671781001814 
1633	 0.369659023018695 
1634	 0.369622115677562 
1635	 0.36959749601292 
1636	 0.369584603558829 
1637	 0.369538305717567 
1638	 0.369468335529007 
1639	 0.369419769127962 
1640	 0.36934742124897 
1641	 0.369318241369725 
1642	 0.369330500524235 
1643	 0.369313023285554 
1644	 0.369310205090571 
1645	 0.369273695139234 
1646	 0.369203555684659 
1647	 0.369160226847635 
1648	 0.369125666275762 
1649	 0.369060322142138 
1650	 0.368985970370514 
1651	 0.368922536179144 
1652	 0.368834904923382 
1653	 0.368762185283403 
1654	 0.368717684178389 
1655	 0.368652892906087 
1656	 0.36857230928561 
1657	 0.368493757169345 
1658	 0.368429030455054 
1659	 0.368331534377959 
1660	 0.368209898200069 
1661	 0.368091445632858 
1662	 0.367945400256262 
1663	 0.367829524497757 
1664	 0.367723023975258 
1665	 0.367623643616577 
1666	 0.367532830411769 
1667	 0.367458930700007 
1668	 0.367414548462891 
1669	 0.367334263014873 
1670	 0.367264040781146 
1671	 0.36716302814613 
1672	 0.36701944035566 
1673	 0.36689083843308 
1674	 0.366742287675034 
1675	 0.366631175011146 
1676	 0.366540517971443 
1677	 0.366439693756591 
1678	 0.366367293168979 
1679	 0.366265694422262 
1680	 0.366126332307283 
1681	 0.366023661577241 
1682	 0.365929455418735 
1683	 0.365844222710883 
1684	 0.365788859028856 
1685	 0.36570771214889 
1686	 0.365630949295388 
1687	 0.365525333307481 
1688	 0.365397431660079 
1689	 0.365266462230731 
1690	 0.365104374383313 
1691	 0.364967423412098 
1692	 0.364837508902216 
1693	 0.364709992908291 
1694	 0.364597949933059 
1695	 0.364472664089019 
1696	 0.36433411566985 
1697	 0.364211447984699 
1698	 0.364106723271383 
1699	 0.363970871470197 
1700	 0.363835942854158 
1701	 0.363682100249711 
1702	 0.363492366042426 
1703	 0.363315908306238 
1704	 0.363143529536123 
1705	 0.362962552787424 
1706	 0.362761595309043 
1707	 0.36258527441596 
1708	 0.362418417479941 
1709	 0.362250573427105 
1710	 0.362107176052516 
1711	 0.361937614386318 
1712	 0.36176312154714 
1713	 0.361563525283893 
1714	 0.361336641705118 
1715	 0.361120802779538 
1716	 0.360885582825824 
1717	 0.360665373764115 
1718	 0.360456821600969 
1719	 0.360246254006787 
1720	 0.360038609700649 
1721	 0.359826736652689 
1722	 0.359614680535599 
1723	 0.35940414830542 
1724	 0.359199577920619 
1725	 0.358973762766306 
1726	 0.358740798181524 
1727	 0.358503495510408 
1728	 0.358246495513811 
1729	 0.357998505290033 
1730	 0.357759581097657 
1731	 0.357508855035036 
1732	 0.357249275766211 
1733	 0.356992392683806 
1734	 0.356731208050069 
1735	 0.356470822675458 
1736	 0.35621440137224 
1737	 0.355946212691107 
1738	 0.355671702957166 
1739	 0.355393052857415 
1740	 0.355100639924604 
1741	 0.354821599364126 
1742	 0.354554225799916 
1743	 0.354280476845188 
1744	 0.354010490494829 
1745	 0.353723305246674 
1746	 0.353418519605367 
1747	 0.353090403096626 
1748	 0.352809759634323 
1749	 0.35254272231944 
1750	 0.352280286727337 
1751	 0.352029036008132 
1752	 0.351746975635813 
1753	 0.3514552895973 
1754	 0.351152940549606 
1755	 0.350838302531094 
1756	 0.350530704002999 
1757	 0.35020065418849 
1758	 0.349879916956284 
1759	 0.349595318517283 
1760	 0.349325131552897 
1761	 0.349055323219886 
1762	 0.348772786531511 
1763	 0.348467259425167 
1764	 0.34813757521844 
1765	 0.347805314869374 
1766	 0.347456631688358 
1767	 0.347073063610053 
1768	 0.346723874311383 
1769	 0.346430855817703 
1770	 0.346175401408601 
1771	 0.345967028800513 
1772	 0.345751741766067 
1773	 0.345486826755527 
1774	 0.345221023428375 
1775	 0.34497649810104 
1776	 0.34471442936303 
1777	 0.344480059866954 
1778	 0.344262611691558 
1779	 0.344012295926851 
1780	 0.343796895409598 
1781	 0.343590925669324 
1782	 0.343373484246376 
1783	 0.343183581688544 
1784	 0.342988500571647 
1785	 0.342804531690929 
1786	 0.342601543764631 
1787	 0.342395153514358 
1788	 0.342184807947814 
1789	 0.3419494735143 
1790	 0.341737992548963 
1791	 0.341528427924325 
1792	 0.341323704080146 
1793	 0.341128952650899 
1794	 0.340953991949643 
1795	 0.340796019288712 
1796	 0.340628057285883 
1797	 0.340477702570443 
1798	 0.340306333120212 
1799	 0.340122027212973 
1800	 0.339943607899297 
1801	 0.338547633628465 
1802	 0.338592129100946 
1803	 0.338667668949124 
1804	 0.33879311944339 
1805	 0.338947964202705 
1806	 0.339096101660368 
1807	 0.339223190815717 
1808	 0.339293719301445 
1809	 0.3393481049838 
1810	 0.339340913960028 
1811	 0.339278178885489 
1812	 0.339174704695622 
1813	 0.339065604891213 
1814	 0.338894000144594 
1815	 0.338711862067769 
1816	 0.3385519614348 
1817	 0.338339706459783 
1818	 0.338079611015463 
1819	 0.337833876365638 
1820	 0.337573189476738 
1821	 0.337297247160221 
1822	 0.337023453460918 
1823	 0.336733759616742 
1824	 0.336473620908889 
1825	 0.336151352738238 
1826	 0.335790276130632 
1827	 0.335426927325904 
1828	 0.334984476708137 
1829	 0.334477189034409 
1830	 0.333933218164868 
1831	 0.333338072711164 
1832	 0.332687835410973 
1833	 0.332036582467249 
1834	 0.33135462335761 
1835	 0.33066711750313 
1836	 0.32996936675912 
1837	 0.329272430379653 
1838	 0.328570813888531 
1839	 0.327891324430838 
1840	 0.327221183576219 
1841	 0.326592362559722 
1842	 0.3259569280158 
1843	 0.325368715848986 
1844	 0.324818623226638 
1845	 0.324287012138727 
1846	 0.323845923155103 
1847	 0.323456403645356 
1848	 0.323118018381617 
1849	 0.32283370180397 
1850	 0.322579909747057 
1851	 0.322382527704312 
1852	 0.322182176143653 
1853	 0.321973421002594 
1854	 0.321783867239795 
1855	 0.321565102055405 
1856	 0.32131222931441 
1857	 0.321049994501107 
1858	 0.320764576329539 
1859	 0.320441022130857 
1860	 0.320091123124505 
1861	 0.319711729618259 
1862	 0.319307210560521 
1863	 0.318892750351387 
1864	 0.318449268013976 
1865	 0.317956819255357 
1866	 0.317423704594713 
1867	 0.316809107132303 
1868	 0.316115865717319 
1869	 0.315324310687302 
1870	 0.314443738215081 
1871	 0.313453183226748 
1872	 0.31236263642132 
1873	 0.311155480013137 
1874	 0.309882715497995 
1875	 0.308479086878696 
1876	 0.306963934075287 
1877	 0.305333741883881 
1878	 0.303526477555095 
1879	 0.301592060150708 
1880	 0.299505800641546 
1881	 0.297239537063209 
1882	 0.294882859813615 
1883	 0.29242277365927 
1884	 0.289753629608018 
1885	 0.286992781199732 
1886	 0.284097420591609 
1887	 0.280996627324363 
1888	 0.277809412749833 
1889	 0.274527566865163 
1890	 0.271192621165541 
1891	 0.267865988433951 
1892	 0.264484896989166 
1893	 0.261120640569346 
1894	 0.257746948727552 
1895	 0.254370933840577 
1896	 0.25096670731472 
1897	 0.247660434851473 
1898	 0.244372647288492 
1899	 0.241143570205144 
1900	 0.238065146074645 
1901	 0.235053676356407 
1902	 0.232195858457052 
1903	 0.229505787328069 
1904	 0.2269137481006 
1905	 0.224418640417384 
1906	 0.22208800492114 
1907	 0.219891739325217 
1908	 0.217778354356987 
1909	 0.215828833631484 
1910	 0.213994329611306 
1911	 0.212245400523719 
1912	 0.210632182487971 
1913	 0.209112731856782 
1914	 0.207696548214283 
1915	 0.206365544482007 
1916	 0.205134329115978 
1917	 0.204005766210238 
1918	 0.202969774865164 
1919	 0.201999365669747 
1920	 0.201144951133099 
1921	 0.200339078609772 
1922	 0.199578295244188 
1923	 0.198897645370298 
1924	 0.198279829441401 
1925	 0.197740064946115 
1926	 0.197247382361829 
1927	 0.196808628139748 
1928	 0.196437904698994 
1929	 0.196130062953072 
1930	 0.195846992859065 
1931	 0.195638042151538 
1932	 0.195475967277223 
1933	 0.195353372087074 
1934	 0.195273509946801 
1935	 0.195252703595462 
1936	 0.195291018499118 
1937	 0.195367136079133 
1938	 0.195507977915051 
1939	 0.195673480567141 
1940	 0.19588609411151 
1941	 0.196100402297565 
1942	 0.196362203607817 
1943	 0.196649795186947 
1944	 0.196953718688691 
1945	 0.197302525333436 
1946	 0.19765129855063 
1947	 0.198020029242722 
1948	 0.198390539458303 
1949	 0.198769626195697 
1950	 0.199159331997765 
1951	 0.19955214833101 
1952	 0.199971960288764 
1953	 0.20039604793964 
1954	 0.200838557026819 
1955	 0.201304815402301 
1956	 0.201782656448629 
1957	 0.202273900067245 
1958	 0.202782523104432 
1959	 0.203303342516375 
1960	 0.203842060221559 
1961	 0.204381860840166 
1962	 0.204939558466466 
1963	 0.205499830410361 
1964	 0.206065056101237 
1965	 0.206621037788299 
1966	 0.207209924090076 
1967	 0.207819956729319 
1968	 0.208415702250499 
1969	 0.209025218141267 
1970	 0.209623129863529 
1971	 0.210200570446412 
1972	 0.210796330141492 
1973	 0.211407485926749 
1974	 0.212009575960212 
1975	 0.212612168837378 
1976	 0.213214292982886 
1977	 0.213833543456474 
1978	 0.214439295584149 
1979	 0.215053600906551 
1980	 0.215695164495897 
1981	 0.216309155632417 
1982	 0.216905139276795 
1983	 0.217510312087271 
1984	 0.218105110208151 
1985	 0.218708995363892 
1986	 0.219321160109731 
1987	 0.219931423273063 
1988	 0.220542518634819 
1989	 0.221167406811131 
1990	 0.221762953298876 
1991	 0.222357982438514 
1992	 0.222960047792801 
1993	 0.22355637181895 
1994	 0.224153445450011 
1995	 0.224754104807071 
1996	 0.225358946065339 
1997	 0.22595516936983 
1998	 0.226567320349662 
1999	 0.227200036734141 
2000	 0.227828743171598 
2001	 0.228463897947745 
2002	 0.229096832567177 
2003	 0.229732040040687 
2004	 0.230346730285742 
2005	 0.230944687338745 
2006	 0.231520316965603 
2007	 0.232103407687697 
2008	 0.232665946000318 
2009	 0.233240219937414 
2010	 0.233816008738027 
2011	 0.234403198683607 
2012	 0.235007468353524 
2013	 0.235594672156197 
2014	 0.2361834280524 
2015	 0.23676626846098 
2016	 0.23734897776437 
2017	 0.23792307328806 
2018	 0.238481965723635 
2019	 0.239036586986479 
2020	 0.239589463600505 
2021	 0.240121604068491 
2022	 0.2406577135774 
2023	 0.241203192912134 
2024	 0.241742667203607 
2025	 0.242269533973054 
2026	 0.242798004810533 
2027	 0.24333915073615 
2028	 0.243866763929181 
2029	 0.244373515699659 
2030	 0.244857482048053 
2031	 0.245359984561557 
2032	 0.245863991403384 
2033	 0.246342483655316 
2034	 0.246839448403643 
2035	 0.247285817131641 
2036	 0.247668746948917 
2037	 0.248080971128901 
2038	 0.248486317725927 
2039	 0.248883475734058 
2040	 0.249277980700232 
2041	 0.249684074815743 
2042	 0.250051721500186 
2043	 0.250419931921028 
2044	 0.25079847560645 
2045	 0.251166623426152 
2046	 0.251564014887772 
2047	 0.251997684525862 
2048	 0.25239607762766 
2049	 0.252817458939934 
2050	 0.253190172690939 
2051	 0.253506924201204 
2052	 0.25384519221711 
2053	 0.254165788457796 
2054	 0.254491677273617 
2055	 0.254823379961831 
2056	 0.255163606970866 
2057	 0.255489717125686 
2058	 0.255805680273863 
2059	 0.256127614679872 
2060	 0.256448862528116 
2061	 0.256767656328019 
2062	 0.257085574753881 
2063	 0.257404018478902 
2064	 0.257734593561935 
2065	 0.258038813531471 
2066	 0.258335413375022 
2067	 0.258619819185214 
2068	 0.258875558234565 
2069	 0.259131385441103 
2070	 0.259399479409469 
2071	 0.259671868002505 
2072	 0.259937639547216 
2073	 0.260204241368191 
2074	 0.260475200126963 
2075	 0.260749100363175 
2076	 0.261012719986169 
2077	 0.261281145199364 
2078	 0.261537796412577 
2079	 0.261772076515677 
2080	 0.262017641454751 
2081	 0.262273586400498 
2082	 0.262520711728853 
2083	 0.262776490394166 
2084	 0.263008336055208 
2085	 0.26323676390364 
2086	 0.263462390398694 
2087	 0.263660329902065 
2088	 0.263832552463306 
2089	 0.264019105272334 
2090	 0.264186884246499 
2091	 0.264365474372906 
2092	 0.264562483717286 
2093	 0.264740963406657 
2094	 0.264890681641727 
2095	 0.265072278898612 
2096	 0.26526305855549 
2097	 0.2654587889567 
2098	 0.26568535545683 
2099	 0.265901037108636 
2100	 0.266098905297213 
2101	 0.266284842376616 
2102	 0.26647100991451 
2103	 0.266642068507736 
2104	 0.266823681898264 
2105	 0.267003596501138 
2106	 0.267192962500183 
2107	 0.267392419770475 
2108	 0.267582176368562 
2109	 0.267762605356521 
2110	 0.267962458160874 
2111	 0.26816521817352 
2112	 0.26837215077892 
2113	 0.268594427289577 
2114	 0.268834015070887 
2115	 0.269036911476979 
2116	 0.269221352343073 
2117	 0.269417153368109 
2118	 0.269588345537019 
2119	 0.269798400789712 
2120	 0.270048839119125 
2121	 0.270254910095662 
2122	 0.270460263792712 
2123	 0.270653844886628 
2124	 0.27082045741723 
2125	 0.270986342641286 
2126	 0.271168412525556 
2127	 0.271317707095514 
2128	 0.271441985854817 
2129	 0.271552531008342 
2130	 0.271629665765902 
2131	 0.27171273679928 
2132	 0.27179573118543 
2133	 0.271882297739733 
2134	 0.271934959013477 
2135	 0.271989125730421 
2136	 0.272004510012312 
2137	 0.271968527440131 
2138	 0.271947787831978 
2139	 0.271915690885386 
2140	 0.271881054030084 
2141	 0.271860532985182 
2142	 0.271801376974415 
2143	 0.271723864905971 
2144	 0.271625706979999 
2145	 0.271489827787792 
2146	 0.271349924613992 
2147	 0.271181098243938 
2148	 0.271039065924334 
2149	 0.270864319733711 
2150	 0.270672199753862 
2151	 0.270480316363556 
2152	 0.270278410890224 
2153	 0.270068852155963 
2154	 0.269858818655655 
2155	 0.269629773128863 
2156	 0.269400719103957 
2157	 0.269132886979616 
2158	 0.268842327006016 
2159	 0.268531941105812 
2160	 0.268166890399827 
2161	 0.267824557095669 
2162	 0.267459410530041 
2163	 0.267124473823977 
2164	 0.266802833364748 
2165	 0.266510496735002 
2166	 0.26619653835715 
2167	 0.265901604694404 
2168	 0.26557461547128 
2169	 0.265227668809911 
2170	 0.264877292710677 
2171	 0.264511886693234 
2172	 0.264153276684204 
2173	 0.263803706106311 
2174	 0.2634197337612 
2175	 0.263018979403609 
2176	 0.262617348083394 
2177	 0.262192639980783 
2178	 0.261763170751281 
2179	 0.261338869450439 
2180	 0.260898753604157 
2181	 0.260439228448066 
2182	 0.259972370646622 
2183	 0.259483193379134 
2184	 0.2590130959961 
2185	 0.25853239983927 
2186	 0.258031728440424 
2187	 0.257556029403126 
2188	 0.257085107621729 
2189	 0.256631337689689 
2190	 0.256192802972551 
2191	 0.25575754570161 
2192	 0.255326692579685 
2193	 0.254919885684872 
2194	 0.254536149846742 
2195	 0.25414238876794 
2196	 0.25376547379733 
2197	 0.253385157023053 
2198	 0.25298394558664 
2199	 0.252607594856104 
2200	 0.252214253621349 
2201	 0.251883862811111 
2202	 0.251596194142446 
2203	 0.25132695487049 
2204	 0.251089024463083 
2205	 0.250910090247347 
2206	 0.250724889395804 
2207	 0.25053776840385 
2208	 0.250399512287052 
2209	 0.250291823788117 
2210	 0.250216002543926 
2211	 0.250192554477071 
2212	 0.250156377989917 
2213	 0.250152079596412 
2214	 0.250133890485972 
2215	 0.250127485017734 
2216	 0.250092171489239 
2217	 0.250048765782713 
2218	 0.249992762233758 
2219	 0.249912466937783 
2220	 0.249825663529845 
2221	 0.249740909602496 
2222	 0.249632499747936 
2223	 0.249515696794355 
2224	 0.249374539860732 
2225	 0.249202648521519 
2226	 0.249011045478643 
2227	 0.248791871411397 
2228	 0.248516292962876 
2229	 0.248281874596053 
2230	 0.248063808207416 
2231	 0.247795049846587 
2232	 0.247536061650406 
2233	 0.247224212849505 
2234	 0.246842276054526 
2235	 0.246477677330894 
2236	 0.246104876121546 
2237	 0.24570708006822 
2238	 0.245317378414247 
2239	 0.244865689213662 
2240	 0.244361390457785 
2241	 0.243851925602328 
2242	 0.243304137902609 
2243	 0.242737615607691 
2244	 0.242183986146793 
2245	 0.241565689461921 
2246	 0.240897521731349 
2247	 0.240188090845866 
2248	 0.239475336310023 
2249	 0.238715774314068 
2250	 0.237985025518019 
2251	 0.237250490700899 
2252	 0.23652191548368 
2253	 0.235775447308999 
2254	 0.235069154081795 
2255	 0.234362336357275 
2256	 0.233723388814538 
2257	 0.233106553831074 
2258	 0.23256732786111 
2259	 0.232071516083981 
2260	 0.231661310048762 
2261	 0.231343756200126 
2262	 0.231055047309033 
2263	 0.230850789976985 
2264	 0.230663233907348 
2265	 0.230478853109635 
2266	 0.230381228165481 
2267	 0.230319018584715 
2268	 0.2303533202214 
2269	 0.230476717836241 
2270	 0.230685743841896 
2271	 0.230954621645549 
2272	 0.231254217381046 
2273	 0.231574278435991 
2274	 0.231915419183965 
2275	 0.232270670780424 
2276	 0.232655185913353 
2277	 0.233033917409997 
2278	 0.233409965569076 
2279	 0.233828087961187 
2280	 0.234249907226288 
2281	 0.234733760325704 
2282	 0.235318461442099 
2283	 0.235815565403575 
2284	 0.236334500313263 
2285	 0.236786359655425 
2286	 0.237142817015782 
2287	 0.237541357902332 
2288	 0.237947054009179 
2289	 0.23833129577171 
2290	 0.238740809658658 
2291	 0.239086168888563 
2292	 0.239382823466091 
2293	 0.239656999652926 
2294	 0.2398749177072 
2295	 0.240091941582311 
2296	 0.240279260589829 
2297	 0.240487073572274 
2298	 0.240669087013995 
2299	 0.240833798844083 
2300	 0.240931675931809 
2301	 0.240995035893763 
2302	 0.241081905425422 
2303	 0.241198536500341 
2304	 0.241395879523558 
2305	 0.241591779402058 
2306	 0.241732064470593 
2307	 0.241859850465964 
2308	 0.241948264637032 
2309	 0.24196348551156 
2310	 0.242038434954516 
2311	 0.242112117060962 
2312	 0.242187898635097 
2313	 0.242305643426668 
2314	 0.242366100804087 
2315	 0.242390966898204 
2316	 0.242431493181912 
2317	 0.242461004464363 
2318	 0.242473888513912 
2319	 0.242500736631418 
2320	 0.242482574383492 
2321	 0.24241938168802 
2322	 0.24235687147359 
2323	 0.24226529698822 
2324	 0.242181583514816 
2325	 0.242100266804519 
2326	 0.242001747050496 
2327	 0.241893858758079 
2328	 0.241780938264609 
2329	 0.241642965672339 
2330	 0.24151813458517 
2331	 0.241432337962291 
2332	 0.241300916116973 
2333	 0.241115010122301 
2334	 0.240901586673836 
2335	 0.240635708079396 
2336	 0.24037393546901 
2337	 0.240143441102559 
2338	 0.239913647015651 
2339	 0.239714333401145 
2340	 0.239462084787247 
2341	 0.23919789965575 
2342	 0.238955214384801 
2343	 0.238630378564243 
2344	 0.238297965747584 
2345	 0.237979742284601 
2346	 0.237659024131828 
2347	 0.237315346689578 
2348	 0.236984849125336 
2349	 0.236620827571635 
2350	 0.236227682281619 
2351	 0.235832384653193 
2352	 0.235409554896106 
2353	 0.234998222957667 
2354	 0.23456479815854 
2355	 0.234140715132458 
2356	 0.233780122728912 
2357	 0.233320671154097 
2358	 0.232795503246173 
2359	 0.23231618938529 
2360	 0.23175682239469 
2361	 0.231257576604058 
2362	 0.230852200121391 
2363	 0.230389689221725 
2364	 0.229935358748389 
2365	 0.229439864662215 
2366	 0.228889519544572 
2367	 0.228357501707577 
2368	 0.227806086251192 
2369	 0.227256907422855 
2370	 0.226732410556626 
2371	 0.22617316106959 
2372	 0.225580508398779 
2373	 0.2249739932987 
2374	 0.224362692420868 
2375	 0.22377218264029 
2376	 0.223141201091371 
2377	 0.222563523290855 
2378	 0.222050492976715 
2379	 0.221456356828114 
2380	 0.220843951284274 
2381	 0.220175029541908 
2382	 0.219451122547046 
2383	 0.218774997219636 
2384	 0.21818921423346 
2385	 0.217596873914472 
2386	 0.216927110200225 
2387	 0.216265478461683 
2388	 0.215540031739203 
2389	 0.214810482377538 
2390	 0.214120054734396 
2391	 0.213404106423278 
2392	 0.212747965818504 
2393	 0.212083864569944 
2394	 0.21137004464319 
2395	 0.210676272762818 
2396	 0.209992552503366 
2397	 0.209366450224465 
2398	 0.208821728612482 
2399	 0.208285982336066 
2400	 0.207732922846306 
2401	 0.207121729138088 
2402	 0.206401582509358 
2403	 0.205656232299587 
2404	 0.204907965683064 
2405	 0.204121034686646 
2406	 0.203476633584312 
2407	 0.202921366914097 
2408	 0.202296606947811 
2409	 0.201722705554351 
2410	 0.201167864127237 
2411	 0.200616849165611 
2412	 0.200063466353765 
2413	 0.199449864731189 
2414	 0.198837315082295 
2415	 0.198258417058988 
2416	 0.19768091702012 
2417	 0.197146167101438 
2418	 0.196589928553577 
2419	 0.195979774967956 
2420	 0.195448963911664 
2421	 0.195018624907562 
2422	 0.194551409361993 
2423	 0.194127729587825 
2424	 0.193614060827154 
2425	 0.192995979998619 
2426	 0.192414237174201 
2427	 0.19180422052876 
2428	 0.191253309518908 
2429	 0.190771315438062 
2430	 0.190226268281753 
2431	 0.189653988410207 
2432	 0.189141619334301 
2433	 0.188638515734844 
2434	 0.18811055452258 
2435	 0.187671431390434 
2436	 0.187064908792982 
2437	 0.186288607550647 
2438	 0.185675505441211 
2439	 0.185054919744133 
2440	 0.184469631020645 
2441	 0.183993235535703 
2442	 0.183457990169349 
2443	 0.182876705400014 
2444	 0.182328142779843 
2445	 0.181826666400459 
2446	 0.181301297119588 
2447	 0.180756568218983 
2448	 0.180240982374161 
2449	 0.17971942898725 
2450	 0.179219053003902 
2451	 0.178758919794815 
2452	 0.178240817987437 
2453	 0.177741374011987 
2454	 0.177201873933944 
2455	 0.176594656316616 
2456	 0.176032806953184 
2457	 0.175387896661365 
2458	 0.174923580542178 
2459	 0.174617846647316 
2460	 0.174150601638034 
2461	 0.173756257272886 
2462	 0.173346788423583 
2463	 0.172755131068432 
2464	 0.17235390771799 
2465	 0.172113544582046 
2466	 0.17173589059863 
2467	 0.17139819663275 
2468	 0.170956071174401 
2469	 0.170390856519858 
2470	 0.170033773472621 
2471	 0.169524744977499 
2472	 0.16909658408727 
2473	 0.168749625656894 
2474	 0.168252097748581 
2475	 0.167833106880249 
2476	 0.167553912538898 
2477	 0.167235026260072 
2478	 0.16675402404072 
2479	 0.166296885997077 
2480	 0.165923561680747 
2481	 0.165514322101574 
2482	 0.16506611161474 
2483	 0.164775609461036 
2484	 0.164517247804471 
2485	 0.163957645946248 
2486	 0.163633461696805 
2487	 0.16338050687468 
2488	 0.163021825679769 
2489	 0.162815183359938 
2490	 0.162628213740263 
2491	 0.162231627048966 
2492	 0.161573767709843 
2493	 0.161043030260267 
2494	 0.160290232600948 
2495	 0.159552553992873 
2496	 0.159178545318118 
2497	 0.158792070623649 
2498	 0.15859751979184 
2499	 0.158456855778386 
2500	 0.158179136351887 
