Wavelength	LMW_1700008.asd
350	 6.31744724649954E-02 
351	 6.87027292389223E-02 
352	 6.40738951039414E-02 
353	 4.84512998609024E-02 
354	 5.04160116009719E-02 
355	 5.38455491779813E-02 
356	 5.68074669033965E-02 
357	 6.01526725594556E-02 
358	 6.16309323973486E-02 
359	 5.97605378701214E-02 
360	 0.05769662243771 
361	 6.01367377555277E-02 
362	 5.39292061785183E-02 
363	 5.21811216656643E-02 
364	 0.058040473377444 
365	 0.054153053722027 
366	 5.55778207160141E-02 
367	 5.90438837628378E-02 
368	 5.85857054863638E-02 
369	 5.78939972675525E-02 
370	 5.91354576646079E-02 
371	 6.10002294343526E-02 
372	 6.02911548982228E-02 
373	 6.05351166142239E-02 
374	 6.09340772195126E-02 
375	 6.06438918784301E-02 
376	 5.96696598542027E-02 
377	 0.05872756712162 
378	 5.96578008008152E-02 
379	 0.063136911768227 
380	 6.44920046625048E-02 
381	 6.38616301852544E-02 
382	 0.06341560467796 
383	 6.61386398956914E-02 
384	 6.68845257530861E-02 
385	 0.066227821511676 
386	 6.53754850890165E-02 
387	 0.064715453925191 
388	 6.80924604427851E-02 
389	 7.10218440971315E-02 
390	 6.86588591260926E-02 
391	 6.79048853422743E-02 
392	 6.91881293553813E-02 
393	 7.16797453963478E-02 
394	 7.38114007725925E-02 
395	 7.53971696838612E-02 
396	 7.57788005987068E-02 
397	 7.53504651675818E-02 
398	 7.69762622409459E-02 
399	 0.076875135673245 
400	 7.71172101769397E-02 
401	 8.03233900766176E-02 
402	 7.96037272889303E-02 
403	 7.87148403052257E-02 
404	 7.91710165532038E-02 
405	 7.95848247277089E-02 
406	 8.08933424895775E-02 
407	 8.20215573348939E-02 
408	 8.18446105473365E-02 
409	 7.96132757192234E-02 
410	 7.92641687233195E-02 
411	 8.11360580506918E-02 
412	 8.34865884781353E-02 
413	 8.38103494038865E-02 
414	 8.34968335762705E-02 
415	 8.36268463161249E-02 
416	 8.43952786724403E-02 
417	 8.44674820171382E-02 
418	 8.45603787431298E-02 
419	 8.54378018943043E-02 
420	 8.64297928121948E-02 
421	 8.61057806838215E-02 
422	 8.54613436593664E-02 
423	 8.67298810940479E-02 
424	 8.77298593674527E-02 
425	 8.77649014168256E-02 
426	 8.72767457731682E-02 
427	 8.84265631754922E-02 
428	 8.87603465964097E-02 
429	 8.87552664415719E-02 
430	 0.089453721075304 
431	 8.97104196187147E-02 
432	 8.99219606183428E-02 
433	 9.02368872530745E-02 
434	 0.090493437476652 
435	 9.04743333832531E-02 
436	 9.06465111404568E-02 
437	 0.09120096686066 
438	 9.12279479439549E-02 
439	 9.15328496718896E-02 
440	 9.21330476355281E-02 
441	 0.092629444983116 
442	 9.27279274340161E-02 
443	 9.27792056696519E-02 
444	 9.29727133134663E-02 
445	 9.31546059445884E-02 
446	 9.34255330652745E-02 
447	 9.36684402579937E-02 
448	 9.37916383235604E-02 
449	 9.40784087199111E-02 
450	 9.43241345358193E-02 
451	 0.094521950806223 
452	 9.48291034447814E-02 
453	 9.49899969232188E-02 
454	 9.51645321519699E-02 
455	 9.54887283787958E-02 
456	 9.59090392969249E-02 
457	 9.59771509641389E-02 
458	 0.096035628250174 
459	 9.66195852775652E-02 
460	 9.67219834716673E-02 
461	 0.096692652347316 
462	 9.68241745807871E-02 
463	 9.71472969374144E-02 
464	 9.76923963156364E-02 
465	 9.80886974356708E-02 
466	 9.80909429376954E-02 
467	 9.83917167230891E-02 
468	 9.86970210272106E-02 
469	 9.88217593306105E-02 
470	 0.098733753868554 
471	 9.90742329179873E-02 
472	 9.94784249388228E-02 
473	 9.96384059394345E-02 
474	 9.97698215292616E-02 
475	 0.100058421877639 
476	 0.100407304195969 
477	 0.100600969993871 
478	 0.100625817541372 
479	 0.100786077532517 
480	 0.101185759753372 
481	 0.101627638978388 
482	 0.101951123461632 
483	 0.102188083672613 
484	 0.102422712254475 
485	 0.102681068406662 
486	 0.10280247376812 
487	 0.102860648660381 
488	 0.103103540975911 
489	 0.103240707358019 
490	 0.103315131721812 
491	 0.103456940740958 
492	 0.103925413091604 
493	 0.103962805719085 
494	 0.103847814102916 
495	 0.104249542850999 
496	 0.104707222309949 
497	 0.104864904046837 
498	 0.10479391554086 
499	 0.10517657366101 
500	 0.105354977400205 
501	 0.105451677214688 
502	 0.105717514272776 
503	 0.105933275716871 
504	 0.106034139799889 
505	 0.10605848535195 
506	 0.106134166163164 
507	 0.106385355370655 
508	 0.106753286694891 
509	 0.107060052171131 
510	 0.106862598399215 
511	 0.106964939198586 
512	 0.107351351477536 
513	 0.10757081869237 
514	 0.107619858116588 
515	 0.107639579838948 
516	 0.107747552486932 
517	 0.108005148490536 
518	 0.108120415721895 
519	 0.108230542057798 
520	 0.108517190178537 
521	 0.108583658277315 
522	 0.108697095922538 
523	 0.108886340516189 
524	 0.108900770621441 
525	 0.109000744004483 
526	 0.109111166489318 
527	 0.109165068183939 
528	 0.109378796414452 
529	 0.10951349675009 
530	 0.109595471927947 
531	 0.109807293604989 
532	 0.109961995983839 
533	 0.110055242069205 
534	 0.110116334175137 
535	 0.11017536629762 
536	 0.110309034221903 
537	 0.110482686780055 
538	 0.110619712559803 
539	 0.110719741547937 
540	 0.110802450268835 
541	 0.110899156654008 
542	 0.111054530588085 
543	 0.111167613881751 
544	 0.111267100428742 
545	 0.111393467275849 
546	 0.111479047741939 
547	 0.111562077953066 
548	 0.111663383823374 
549	 0.111782770483757 
550	 0.111842088913517 
551	 0.111919079900565 
552	 0.112070315375398 
553	 0.112234199892065 
554	 0.112319012104475 
555	 0.112403905664055 
556	 0.112627258293792 
557	 0.112747245441535 
558	 0.112877190913909 
559	 0.113070020139121 
560	 0.113204743902822 
561	 0.113299300573006 
562	 0.113397186295469 
563	 0.113524990253639 
564	 0.113542224691548 
565	 0.113592646196793 
566	 0.113665684650454 
567	 0.113566932161885 
568	 0.113606567881571 
569	 0.113742696470843 
570	 0.113892789725329 
571	 0.11416417794502 
572	 0.114365993721403 
573	 0.114458597121234 
574	 0.114520884785534 
575	 0.114625440379701 
576	 0.114773162283575 
577	 0.114909927623686 
578	 0.114882530601633 
579	 0.114870976041987 
580	 0.11482328126298 
581	 0.114640662909102 
582	 0.114622930933139 
583	 0.114651934549909 
584	 0.114678298416273 
585	 0.114803561932774 
586	 0.115009696979545 
587	 0.115167139859742 
588	 0.115189900870602 
589	 0.115322220223405 
590	 0.11551696506883 
591	 0.11569845088742 
592	 0.115783962215294 
593	 0.115903075127382 
594	 0.116084914941639 
595	 0.116275632268311 
596	 0.116258322221836 
597	 0.116193101972842 
598	 0.116127212320198 
599	 0.116051419872238 
600	 0.116013086981475 
601	 0.116031103826956 
602	 0.11608651375626 
603	 0.116099946681997 
604	 0.116127938250422 
605	 0.116198179019831 
606	 0.116309347303785 
607	 0.116359017769337 
608	 0.116413646521105 
609	 0.116517740816615 
610	 0.1166769264122 
611	 0.116769055576133 
612	 0.11684445321927 
613	 0.116944170147936 
614	 0.116917360669913 
615	 0.116898505445116 
616	 0.11693237050718 
617	 0.116995499741366 
618	 0.117071577396953 
619	 0.117146418924594 
620	 0.117207395735982 
621	 0.117237623779858 
622	 0.11727785407265 
623	 0.117326439195962 
624	 0.117369928871582 
625	 0.117448968254568 
626	 0.117492861805797 
627	 0.117500282085211 
628	 0.117571680856894 
629	 0.117601659621462 
630	 0.117660464743059 
631	 0.117804995626446 
632	 0.117854998320404 
633	 0.117877952805706 
634	 0.117931910782932 
635	 0.118050701000352 
636	 0.11806053682934 
637	 0.118100767626091 
638	 0.118247875664471 
639	 0.118287395631604 
640	 0.11833801260251 
641	 0.118405622657901 
642	 0.118456741125875 
643	 0.118563633230048 
644	 0.118613149358051 
645	 0.118603589645172 
646	 0.118719928857682 
647	 0.118777752442545 
648	 0.118828173451098 
649	 0.118942175025275 
650	 0.118978027930163 
651	 0.118971071723606 
652	 0.118995282961013 
653	 0.11913980102992 
654	 0.119239343981933 
655	 0.119279171456795 
656	 0.119292294538469 
657	 0.119350961950935 
658	 0.119425731784097 
659	 0.119518073520298 
660	 0.119628418517605 
661	 0.119649332210326 
662	 0.119691328158089 
663	 0.119788992800359 
664	 0.119836746285306 
665	 0.119901347885056 
666	 0.11997479748048 
667	 0.120034692699324 
668	 0.120089906186806 
669	 0.120117350330473 
670	 0.120152597749309 
671	 0.120269084374491 
672	 0.120326753800384 
673	 0.120401916841029 
674	 0.120527558130044 
675	 0.120537165559599 
676	 0.120575098121431 
677	 0.120640248887204 
678	 0.120678123082251 
679	 0.120733782351369 
680	 0.120783686001528 
681	 0.120818522339664 
682	 0.120853846781404 
683	 0.12095227810264 
684	 0.121039939440942 
685	 0.121050058923206 
686	 0.121075487853587 
687	 0.121111169931052 
688	 0.121166690844895 
689	 0.121255674304105 
690	 0.121320885485021 
691	 0.121350733721767 
692	 0.121368302969178 
693	 0.121458770732439 
694	 0.121462804710755 
695	 0.121446229717289 
696	 0.121520941065001 
697	 0.121562099541895 
698	 0.121570855053096 
699	 0.121571799980062 
700	 0.121604575292222 
701	 0.121653888358617 
702	 0.121691498712623 
703	 0.121708245105761 
704	 0.12175708845163 
705	 0.121806514359635 
706	 0.121833428554982 
707	 0.121829280092557 
708	 0.12186040393826 
709	 0.121914744619679 
710	 0.121957736445735 
711	 0.121934205344518 
712	 0.121972495647186 
713	 0.122005380211531 
714	 0.121966586883845 
715	 0.122016850337661 
716	 0.122050068113786 
717	 0.122058607611068 
718	 0.122102528496531 
719	 0.122095663826136 
720	 0.122102487437024 
721	 0.122142888279905 
722	 0.122101392540502 
723	 0.122151348029663 
724	 0.122208766340233 
725	 0.122151105739031 
726	 0.122133235870648 
727	 0.122151418773604 
728	 0.12218647188301 
729	 0.122210646423981 
730	 0.122183017390376 
731	 0.122154308276146 
732	 0.122161354144828 
733	 0.122169498398214 
734	 0.122154367176894 
735	 0.122141475501182 
736	 0.122160760778924 
737	 0.122119651774396 
738	 0.122102766784455 
739	 0.12212326298524 
740	 0.122105245538354 
741	 0.122118084870001 
742	 0.122116005363651 
743	 0.122069699955147 
744	 0.122061482428837 
745	 0.12202737081225 
746	 0.122011996084323 
747	 0.122078194662766 
748	 0.122036794741807 
749	 0.121995199147802 
750	 0.121991765631818 
751	 0.121950134668308 
752	 0.121878555167875 
753	 0.121841444898775 
754	 0.121871814933614 
755	 0.12187624583093 
756	 0.121859605030449 
757	 0.121847672632562 
758	 0.121867119952973 
759	 0.121857361932299 
760	 0.121809412309626 
761	 0.121760036446951 
762	 0.121792438177348 
763	 0.121793474384132 
764	 0.121778853597779 
765	 0.121775881141611 
766	 0.121749360466197 
767	 0.121726422982309 
768	 0.12172037690377 
769	 0.121729858325304 
770	 0.121707294215956 
771	 0.121700644559239 
772	 0.121706642010132 
773	 0.121654456806847 
774	 0.121678434149541 
775	 0.12169396672607 
776	 0.121636218348738 
777	 0.121635648630257 
778	 0.121599680862149 
779	 0.121563848119923 
780	 0.121594300720332 
781	 0.121554906694221 
782	 0.121558714463807 
783	 0.12159167137746 
784	 0.121498412897827 
785	 0.121482977465787 
786	 0.121477999033411 
787	 0.121426550013925 
788	 0.121426935467452 
789	 0.121432319279205 
790	 0.121414880593199 
791	 0.121371163391 
792	 0.121391209192555 
793	 0.121384626764927 
794	 0.121337167632794 
795	 0.12130800420244 
796	 0.121301477212001 
797	 0.121296783865603 
798	 0.121283799670437 
799	 0.121281949307754 
800	 0.121268413727913 
801	 0.12122097433987 
802	 0.121143708619587 
803	 0.121132507332936 
804	 0.121127224013033 
805	 0.121125802657838 
806	 0.121151215955448 
807	 0.12109286827275 
808	 0.121048581481411 
809	 0.121061355826646 
810	 0.121072411815757 
811	 0.121064882714431 
812	 0.121033021386445 
813	 0.120993982552444 
814	 0.121017039451612 
815	 0.121007666880229 
816	 0.12095766980775 
817	 0.120905711655334 
818	 0.120916762466042 
819	 0.120949414895699 
820	 0.120946204990403 
821	 0.120857255386234 
822	 0.12079668909806 
823	 0.120792383053383 
824	 0.120829147228501 
825	 0.120848944214793 
826	 0.120824882022997 
827	 0.120781287261441 
828	 0.120750775689859 
829	 0.120736148749808 
830	 0.12071709179289 
831	 0.12069300636646 
832	 0.120672908432208 
833	 0.120657204712181 
834	 0.12063406604304 
835	 0.120599150698385 
836	 0.120560710826168 
837	 0.120586140079203 
838	 0.120612817000033 
839	 0.120588960254757 
840	 0.120518253635379 
841	 0.120502915855039 
842	 0.120517986215562 
843	 0.120513569028455 
844	 0.120482549589744 
845	 0.120516177844058 
846	 0.120545536847842 
847	 0.120468545012793 
848	 0.120459161653932 
849	 0.120450552550779 
850	 0.120413738822596 
851	 0.120370771477604 
852	 0.120391846692441 
853	 0.120409497658534 
854	 0.120401291963914 
855	 0.120437675648504 
856	 0.120415222449901 
857	 0.12038785256961 
858	 0.120404203821017 
859	 0.120405483750821 
860	 0.120371401901618 
861	 0.12032464484989 
862	 0.120298274022258 
863	 0.120285934191035 
864	 0.120257673169762 
865	 0.120248406138548 
866	 0.120310166126603 
867	 0.120320067313612 
868	 0.120309680826559 
869	 0.120306382508964 
870	 0.120313236302178 
871	 0.120269788678673 
872	 0.120213049976084 
873	 0.120187581236762 
874	 0.120219872995535 
875	 0.120245265587395 
876	 0.120240556085644 
877	 0.120203771749378 
878	 0.120146574249472 
879	 0.120154595675775 
880	 0.120172897473452 
881	 0.120135057941293 
882	 0.120158420427207 
883	 0.120165426972549 
884	 0.120152528103133 
885	 0.120150863689847 
886	 0.120106402540901 
887	 0.120119038505607 
888	 0.120180028324865 
889	 0.120187280671276 
890	 0.12017549491568 
891	 0.120143698216787 
892	 0.120104118356206 
893	 0.120087949426507 
894	 0.120121929842796 
895	 0.120147281254088 
896	 0.120137645963919 
897	 0.12015578049896 
898	 0.120148548101133 
899	 0.120128595896585 
900	 0.120121237611677 
901	 0.120143168168645 
902	 0.120111996964599 
903	 0.120067601990157 
904	 0.120070386466221 
905	 0.120078769238534 
906	 0.120125010269755 
907	 0.120138775550866 
908	 0.120062632814296 
909	 0.120156042554047 
910	 0.12020395189277 
911	 0.120180681252342 
912	 0.120191056820663 
913	 0.120184217959469 
914	 0.120190002390104 
915	 0.120192695648371 
916	 0.120141888913184 
917	 0.120090085326843 
918	 0.12010940028811 
919	 0.120165082331117 
920	 0.120113811461931 
921	 0.120040807180228 
922	 0.120073929214924 
923	 0.120213363484295 
924	 0.120272222824791 
925	 0.120234395355172 
926	 0.120196806580293 
927	 0.120201782656487 
928	 0.120140566778299 
929	 0.120171557516467 
930	 0.1202344880027 
931	 0.120250294598777 
932	 0.120230785425663 
933	 0.12027059915324 
934	 0.120318750724324 
935	 0.120311620358411 
936	 0.120288654873188 
937	 0.120220252316298 
938	 0.120173703450306 
939	 0.120219933189674 
940	 0.120341744157321 
941	 0.120380445232988 
942	 0.120380760157021 
943	 0.120415449316703 
944	 0.120296676211425 
945	 0.120238106743799 
946	 0.12029559272354 
947	 0.120408812650477 
948	 0.12042088821333 
949	 0.120350451067436 
950	 0.120288859561805 
951	 0.120325570318065 
952	 0.120373669567165 
953	 0.12035889779913 
954	 0.120362006833859 
955	 0.120483504041888 
956	 0.120439724357634 
957	 0.120427680470819 
958	 0.120469708641953 
959	 0.120473494184241 
960	 0.120459776924328 
961	 0.120428990930995 
962	 0.12042381565618 
963	 0.12047234597623 
964	 0.120354258086566 
965	 0.120373387909874 
966	 0.120506604408919 
967	 0.120512772484062 
968	 0.120426848963146 
969	 0.120391768501138 
970	 0.120405005297018 
971	 0.120369112610605 
972	 0.120302297529473 
973	 0.120339400895302 
974	 0.120486508151086 
975	 0.120635878595232 
976	 0.120646431091469 
977	 0.120569549497493 
978	 0.120472270431748 
979	 0.120425774082949 
980	 0.12053583229556 
981	 0.12058096894615 
982	 0.120494290168865 
983	 0.1203675899932 
984	 0.120434459365057 
985	 0.120591793948177 
986	 0.120618471998808 
987	 0.120396762318257 
988	 0.120525733127875 
989	 0.120583201040402 
990	 0.120458026376352 
991	 0.120284541336881 
992	 0.12032589472165 
993	 0.120387815495484 
994	 0.120477254127298 
995	 0.120604530902981 
996	 0.120360001181095 
997	 0.120417234949882 
998	 0.120609535399944 
999	 0.120581110260584 
1000	 0.120650064197798 
1001	 0.11921155680409 
1002	 0.119263202702333 
1003	 0.11918009021874 
1004	 0.119159636515417 
1005	 0.119221022297063 
1006	 0.119204077064333 
1007	 0.119115388734877 
1008	 0.119123551527304 
1009	 0.119134025744353 
1010	 0.119080153760141 
1011	 0.119110030749362 
1012	 0.119146894673729 
1013	 0.119185550537274 
1014	 0.119211382948864 
1015	 0.119194801181886 
1016	 0.119281212269152 
1017	 0.119318591479082 
1018	 0.119350625885524 
1019	 0.119294672709642 
1020	 0.119264278806785 
1021	 0.119159693965726 
1022	 0.119061107959446 
1023	 0.119089198562723 
1024	 0.119141594166475 
1025	 0.119189249598237 
1026	 0.119224128210785 
1027	 0.119229179785953 
1028	 0.119217727689118 
1029	 0.119194282291327 
1030	 0.119184980446096 
1031	 0.119189112871771 
1032	 0.11919924507959 
1033	 0.119226730847318 
1034	 0.119229740332635 
1035	 0.119184525305157 
1036	 0.119162216846372 
1037	 0.119156757360225 
1038	 0.11914049391764 
1039	 0.11912761491355 
1040	 0.119122650061013 
1041	 0.119106616456949 
1042	 0.119090888530088 
1043	 0.119131456149318 
1044	 0.119158674009543 
1045	 0.119187574442633 
1046	 0.119187152289391 
1047	 0.119195210064235 
1048	 0.119170468083832 
1049	 0.119133111074684 
1050	 0.11911016735377 
1051	 0.119125133872365 
1052	 0.119179413594364 
1053	 0.11926127161811 
1054	 0.119339351517648 
1055	 0.119373846258114 
1056	 0.119382517249227 
1057	 0.119404289692887 
1058	 0.119394442285513 
1059	 0.119409758191001 
1060	 0.119436616233615 
1061	 0.119510177856481 
1062	 0.119523772881643 
1063	 0.119513323487921 
1064	 0.119513561387461 
1065	 0.119485337303095 
1066	 0.119507897493694 
1067	 0.119530433892384 
1068	 0.119519451148596 
1069	 0.119523473746112 
1070	 0.119532989337971 
1071	 0.119538237890074 
1072	 0.119540349196097 
1073	 0.119550757408989 
1074	 0.119551828660358 
1075	 0.119525784719329 
1076	 0.119552846545131 
1077	 0.119536255363999 
1078	 0.119492550594015 
1079	 0.119487110919658 
1080	 0.119430995212219 
1081	 0.11938644605369 
1082	 0.119410754383408 
1083	 0.119405747913662 
1084	 0.119379531471281 
1085	 0.119366181139066 
1086	 0.119346736048406 
1087	 0.119359299608849 
1088	 0.119397279871242 
1089	 0.119431834591552 
1090	 0.119422641996647 
1091	 0.119410497794156 
1092	 0.119374428381136 
1093	 0.119321117000551 
1094	 0.1193258606896 
1095	 0.119360681971897 
1096	 0.119350155634054 
1097	 0.119331101592371 
1098	 0.119313785456659 
1099	 0.119265781582653 
1100	 0.119245788095114 
1101	 0.119252092198269 
1102	 0.119245676834359 
1103	 0.119229524192749 
1104	 0.119234829556487 
1105	 0.119275310066133 
1106	 0.119306976444493 
1107	 0.119296077487194 
1108	 0.119311366562254 
1109	 0.119355351991116 
1110	 0.119348727535459 
1111	 0.119381887504623 
1112	 0.119486713308158 
1113	 0.119540013364867 
1114	 0.119583243209552 
1115	 0.119596667433022 
1116	 0.11956310492837 
1117	 0.119570549824075 
1118	 0.119566898010383 
1119	 0.119565313209051 
1120	 0.119637750295875 
1121	 0.119716884661367 
1122	 0.119752085110907 
1123	 0.119821741341033 
1124	 0.119862136267675 
1125	 0.119872694693481 
1126	 0.119909309698382 
1127	 0.119951617534155 
1128	 0.1199900647193 
1129	 0.120034775565992 
1130	 0.12008074037762 
1131	 0.120136544023627 
1132	 0.120176423937401 
1133	 0.12020009839361 
1134	 0.12024058911503 
1135	 0.120298325325056 
1136	 0.120312690642155 
1137	 0.120339903279677 
1138	 0.120396335380496 
1139	 0.120428506786046 
1140	 0.120437922225513 
1141	 0.120470068376974 
1142	 0.120515200284712 
1143	 0.120546448017525 
1144	 0.120581263453734 
1145	 0.120611928703262 
1146	 0.120628492611131 
1147	 0.120650983239187 
1148	 0.120678749573093 
1149	 0.12070306198594 
1150	 0.120716732772591 
1151	 0.120751596334814 
1152	 0.12078473264813 
1153	 0.120795334379227 
1154	 0.120814832403958 
1155	 0.120828382423428 
1156	 0.120853215418231 
1157	 0.120885956524474 
1158	 0.120911693757079 
1159	 0.12094975062473 
1160	 0.120969206281713 
1161	 0.120969246720388 
1162	 0.120979719895275 
1163	 0.120973914418636 
1164	 0.120990430026526 
1165	 0.121024398304864 
1166	 0.121058506127704 
1167	 0.121094988698378 
1168	 0.121133796268641 
1169	 0.121162672698778 
1170	 0.121177004357486 
1171	 0.121208486376106 
1172	 0.121247406799454 
1173	 0.121278784369194 
1174	 0.121314529333728 
1175	 0.121343310679731 
1176	 0.12136913723689 
1177	 0.121387647355767 
1178	 0.121397730688448 
1179	 0.121414784324503 
1180	 0.121414203884034 
1181	 0.121434607061632 
1182	 0.121476044474468 
1183	 0.121513672306127 
1184	 0.121551129190651 
1185	 0.121602065553363 
1186	 0.121638626261069 
1187	 0.121665453342624 
1188	 0.121695385456468 
1189	 0.12172568928906 
1190	 0.121747656244799 
1191	 0.121758628041167 
1192	 0.121781550082828 
1193	 0.121802871185857 
1194	 0.12183091936372 
1195	 0.121877406863854 
1196	 0.121909864437653 
1197	 0.121924179642687 
1198	 0.121955378770474 
1199	 0.121991939524921 
1200	 0.122032420127177 
1201	 0.12206630899769 
1202	 0.122113715792672 
1203	 0.122144595012055 
1204	 0.122153297211751 
1205	 0.122182709174871 
1206	 0.122218318373398 
1207	 0.122254169675923 
1208	 0.12230317041834 
1209	 0.122338783797535 
1210	 0.122367480556823 
1211	 0.122398072630672 
1212	 0.122423667463613 
1213	 0.122449587030287 
1214	 0.122465506139361 
1215	 0.12249849068298 
1216	 0.122538835253171 
1217	 0.12259462034751 
1218	 0.122618460552633 
1219	 0.12263608287402 
1220	 0.122664259750669 
1221	 0.122666514227055 
1222	 0.122696339570214 
1223	 0.122760191782869 
1224	 0.122804618894002 
1225	 0.122847782191146 
1226	 0.122883062173986 
1227	 0.122916110742558 
1228	 0.122944092322 
1229	 0.122958489748463 
1230	 0.122978417140275 
1231	 0.122986872994936 
1232	 0.123013710870002 
1233	 0.123049726043571 
1234	 0.123096636849498 
1235	 0.123136413338521 
1236	 0.123192966714698 
1237	 0.123228420321828 
1238	 0.123246885375738 
1239	 0.123275219782775 
1240	 0.123299637251879 
1241	 0.123329630815963 
1242	 0.123366430064265 
1243	 0.123397866280307 
1244	 0.123429409758952 
1245	 0.123459327699615 
1246	 0.123485842380941 
1247	 0.123512931927986 
1248	 0.123544321208455 
1249	 0.12356739234555 
1250	 0.123585238905903 
1251	 0.123610281724963 
1252	 0.123640876288912 
1253	 0.123677520080972 
1254	 0.123707573585673 
1255	 0.123745091440197 
1256	 0.123771458802516 
1257	 0.123784472449822 
1258	 0.123804594012879 
1259	 0.123827036310125 
1260	 0.123847605871159 
1261	 0.123860050048046 
1262	 0.123886907756834 
1263	 0.123929523902237 
1264	 0.12395491040641 
1265	 0.123977398184169 
1266	 0.124004647026537 
1267	 0.124027992226139 
1268	 0.124039125362555 
1269	 0.124063053496665 
1270	 0.124098615271786 
1271	 0.124132049937529 
1272	 0.124162267062716 
1273	 0.124199341563105 
1274	 0.124255064773785 
1275	 0.124282982679471 
1276	 0.124285889161508 
1277	 0.124319294227268 
1278	 0.1243556300619 
1279	 0.124390821712474 
1280	 0.124447976952404 
1281	 0.124495096644253 
1282	 0.124516060413342 
1283	 0.124561522864366 
1284	 0.124618644453612 
1285	 0.12469023083859 
1286	 0.124760095642102 
1287	 0.124846719286876 
1288	 0.124919381407075 
1289	 0.12499803570699 
1290	 0.125049044664806 
1291	 0.125076295385039 
1292	 0.1251265645488 
1293	 0.125172788990484 
1294	 0.125217369356309 
1295	 0.125282272535469 
1296	 0.125325559794865 
1297	 0.125344536894362 
1298	 0.125373208266918 
1299	 0.125402146370153 
1300	 0.125430760537535 
1301	 0.125463593544736 
1302	 0.12548584695056 
1303	 0.125505692637615 
1304	 0.12552233881749 
1305	 0.125514974065175 
1306	 0.125509505712596 
1307	 0.125498096329981 
1308	 0.125486810894516 
1309	 0.125480607962668 
1310	 0.125477349268516 
1311	 0.125474723235117 
1312	 0.125475200767638 
1313	 0.12547411427389 
1314	 0.125480468979758 
1315	 0.125470835192544 
1316	 0.125441638184242 
1317	 0.125438191986373 
1318	 0.125435924846537 
1319	 0.125438866451183 
1320	 0.125469531574453 
1321	 0.125482774164206 
1322	 0.125480796808392 
1323	 0.125487724511748 
1324	 0.1255043542659 
1325	 0.125504938946881 
1326	 0.125504881131007 
1327	 0.125518976677216 
1328	 0.125529564966993 
1329	 0.125553994839713 
1330	 0.125582849693099 
1331	 0.1256241368215 
1332	 0.125656513912124 
1333	 0.125694573773376 
1334	 0.125726074188584 
1335	 0.125748950815536 
1336	 0.125783229014405 
1337	 0.125808093188157 
1338	 0.125853458093232 
1339	 0.125920626572909 
1340	 0.125981735776193 
1341	 0.126064322593089 
1342	 0.126123118496499 
1343	 0.126172199391183 
1344	 0.126201850901085 
1345	 0.12625052231095 
1346	 0.126307323250121 
1347	 0.126357986106534 
1348	 0.126414626866406 
1349	 0.1264542300471 
1350	 0.126482362864643 
1351	 0.126532618968867 
1352	 0.126595936380099 
1353	 0.126659983120663 
1354	 0.126737217684291 
1355	 0.126803551912056 
1356	 0.126868455429714 
1357	 0.126933725666295 
1358	 0.126994325652926 
1359	 0.127056330335571 
1360	 0.127120091317816 
1361	 0.127182677152302 
1362	 0.127252726851148 
1363	 0.127309243333876 
1364	 0.127356491093679 
1365	 0.127403473607903 
1366	 0.12744426249448 
1367	 0.127479686203519 
1368	 0.127504866131293 
1369	 0.127545205508614 
1370	 0.127567903901055 
1371	 0.127576587994536 
1372	 0.12761511295395 
1373	 0.12765527344774 
1374	 0.127682785333709 
1375	 0.127710112265604 
1376	 0.127740091158872 
1377	 0.127762349165989 
1378	 0.127782398031423 
1379	 0.127809354178548 
1380	 0.127834363061356 
1381	 0.127852018178377 
1382	 0.127864657697572 
1383	 0.127882299830767 
1384	 0.127891209489932 
1385	 0.127884358046812 
1386	 0.127886003734773 
1387	 0.127891645465723 
1388	 0.127892991950245 
1389	 0.127899725626644 
1390	 0.127889470116779 
1391	 0.127881225653803 
1392	 0.127872584954425 
1393	 0.12785033296496 
1394	 0.127824371130654 
1395	 0.1277823573263 
1396	 0.127719907015183 
1397	 0.127661807882174 
1398	 0.127592753991714 
1399	 0.127528482047968 
1400	 0.12747211609936 
1401	 0.127401254014909 
1402	 0.127320862696852 
1403	 0.127242788952057 
1404	 0.127149350290967 
1405	 0.127070685042665 
1406	 0.126995122995204 
1407	 0.126929807191668 
1408	 0.12687311824422 
1409	 0.126825279926078 
1410	 0.126787930816335 
1411	 0.126753203638646 
1412	 0.126727265222048 
1413	 0.126698011039856 
1414	 0.126680315661669 
1415	 0.126673097201434 
1416	 0.126661310526159 
1417	 0.126659164956197 
1418	 0.126670765259662 
1419	 0.126682581569429 
1420	 0.126705134126821 
1421	 0.126731277532026 
1422	 0.126734271782174 
1423	 0.126746433268943 
1424	 0.126771611542618 
1425	 0.126812315902872 
1426	 0.126830701870895 
1427	 0.126850477623669 
1428	 0.126868262568331 
1429	 0.126871534550141 
1430	 0.12688078763781 
1431	 0.126896499377662 
1432	 0.126907780862862 
1433	 0.126904605200113 
1434	 0.12691732503705 
1435	 0.126945358926889 
1436	 0.126971315165292 
1437	 0.126998169981721 
1438	 0.127029282522935 
1439	 0.127067246079865 
1440	 0.127096758572711 
1441	 0.127129250165437 
1442	 0.127158011076241 
1443	 0.127183884952698 
1444	 0.127214374910028 
1445	 0.127247470008022 
1446	 0.127293407108864 
1447	 0.127340205365748 
1448	 0.127380261210301 
1449	 0.127414203891282 
1450	 0.127439926499998 
1451	 0.127470096595956 
1452	 0.127491989917615 
1453	 0.127524853903798 
1454	 0.127565723383095 
1455	 0.127604468295535 
1456	 0.127648131836994 
1457	 0.12768573535284 
1458	 0.127726351501374 
1459	 0.127757333363949 
1460	 0.127772574528841 
1461	 0.127799515813964 
1462	 0.127830506425422 
1463	 0.127858937421053 
1464	 0.127892259712127 
1465	 0.127924481358544 
1466	 0.127947451386192 
1467	 0.12797838226329 
1468	 0.128015047507698 
1469	 0.128053663994142 
1470	 0.128100483437027 
1471	 0.128143075391247 
1472	 0.128172617386837 
1473	 0.128205894011633 
1474	 0.128234343714385 
1475	 0.128257330190711 
1476	 0.128286379720052 
1477	 0.128322242628095 
1478	 0.128350150816458 
1479	 0.128359396279816 
1480	 0.128379424119863 
1481	 0.128409171402225 
1482	 0.128437287653941 
1483	 0.128474582610752 
1484	 0.128506858422174 
1485	 0.128533375446825 
1486	 0.128568978677398 
1487	 0.1286065301093 
1488	 0.128646739927103 
1489	 0.128699525491008 
1490	 0.128738553872309 
1491	 0.12877606715625 
1492	 0.12880691012952 
1493	 0.128821873253114 
1494	 0.12884808064896 
1495	 0.128876622738087 
1496	 0.128904722221593 
1497	 0.128941838151361 
1498	 0.12897012365283 
1499	 0.128988250381132 
1500	 0.129012802786699 
1501	 0.129038411745839 
1502	 0.129062730832102 
1503	 0.129086115056885 
1504	 0.129112954692384 
1505	 0.129140622471357 
1506	 0.129185895504043 
1507	 0.129229780433147 
1508	 0.129250748397132 
1509	 0.129278320553954 
1510	 0.129287029461291 
1511	 0.129276826289185 
1512	 0.129301120508874 
1513	 0.129325756279626 
1514	 0.129329995119879 
1515	 0.129351597485331 
1516	 0.129376243440641 
1517	 0.12939316252729 
1518	 0.12940268210137 
1519	 0.12941813914983 
1520	 0.12943623828141 
1521	 0.129447519700378 
1522	 0.129449292094603 
1523	 0.129467964189488 
1524	 0.129486984579222 
1525	 0.129516333202532 
1526	 0.129569726346784 
1527	 0.129602584352861 
1528	 0.129637065430506 
1529	 0.129654622653986 
1530	 0.129651582322672 
1531	 0.129657851745671 
1532	 0.129655556694135 
1533	 0.129661594408861 
1534	 0.129675564185817 
1535	 0.129687138115124 
1536	 0.129698871375843 
1537	 0.129711038424121 
1538	 0.12972382437411 
1539	 0.129735964084607 
1540	 0.129745818199704 
1541	 0.129760349698746 
1542	 0.129777962331833 
1543	 0.129796708725003 
1544	 0.129827167918966 
1545	 0.129844441088232 
1546	 0.129858720691654 
1547	 0.129858041555961 
1548	 0.129863300018694 
1549	 0.129864384512501 
1550	 0.129873528974608 
1551	 0.129898107734354 
1552	 0.129907958787203 
1553	 0.129922300806582 
1554	 0.129938560693371 
1555	 0.129931734837057 
1556	 0.12993422875723 
1557	 0.12993157074372 
1558	 0.129908177072823 
1559	 0.12991022970007 
1560	 0.129931551990016 
1561	 0.129974282111939 
1562	 0.129996690595282 
1563	 0.130039123256142 
1564	 0.130053130434214 
1565	 0.130038326959276 
1566	 0.130039574140861 
1567	 0.13004275010901 
1568	 0.130043220278558 
1569	 0.130039993961425 
1570	 0.130038344349852 
1571	 0.130035976632107 
1572	 0.130038723284408 
1573	 0.130041001354022 
1574	 0.130051142881269 
1575	 0.130063945943634 
1576	 0.13008595089472 
1577	 0.13012246675184 
1578	 0.130146470714589 
1579	 0.130179631073586 
1580	 0.13019485123821 
1581	 0.130196989032657 
1582	 0.13019694584123 
1583	 0.13017850981298 
1584	 0.13017495967048 
1585	 0.130169295928799 
1586	 0.130172553609491 
1587	 0.130197438206735 
1588	 0.130206966975474 
1589	 0.130211326752941 
1590	 0.130216742087205 
1591	 0.130214201578652 
1592	 0.130213700657175 
1593	 0.130205977456533 
1594	 0.13021644504697 
1595	 0.130248910693848 
1596	 0.130259567606013 
1597	 0.130272758221732 
1598	 0.130281628893403 
1599	 0.130264715523043 
1600	 0.130260841183069 
1601	 0.130261873177724 
1602	 0.13027246650107 
1603	 0.130299978121894 
1604	 0.130312421431434 
1605	 0.130325321920415 
1606	 0.130337778045589 
1607	 0.130345331416219 
1608	 0.130339303397203 
1609	 0.130336538600059 
1610	 0.130339567815902 
1611	 0.130318669826422 
1612	 0.130299343218049 
1613	 0.13030138971037 
1614	 0.130284945701219 
1615	 0.130283414918019 
1616	 0.130297574863388 
1617	 0.130308329898044 
1618	 0.130329854327685 
1619	 0.1303496322549 
1620	 0.130372880345884 
1621	 0.130390117283642 
1622	 0.130405158268924 
1623	 0.130414576966885 
1624	 0.130421405862919 
1625	 0.130421081618456 
1626	 0.130410825288715 
1627	 0.130412705848913 
1628	 0.130413894690169 
1629	 0.130419261334531 
1630	 0.130429788422766 
1631	 0.130444059115662 
1632	 0.130462950966113 
1633	 0.130475042901906 
1634	 0.130492201529517 
1635	 0.130502155143135 
1636	 0.130501539935521 
1637	 0.130507016963657 
1638	 0.130518502517321 
1639	 0.130518550311105 
1640	 0.130505301254966 
1641	 0.130513755781906 
1642	 0.130534924864929 
1643	 0.130533916947992 
1644	 0.130528939818639 
1645	 0.130538512881098 
1646	 0.130536542199549 
1647	 0.130542772921015 
1648	 0.130574771508157 
1649	 0.130589339025874 
1650	 0.130587606911534 
1651	 0.130592920993136 
1652	 0.130609634062236 
1653	 0.130609548325224 
1654	 0.130593638302883 
1655	 0.130588310459425 
1656	 0.130578815718223 
1657	 0.130577414312046 
1658	 0.13058712192647 
1659	 0.130586375438621 
1660	 0.130587999298295 
1661	 0.130578676075416 
1662	 0.130549622428329 
1663	 0.130545602392915 
1664	 0.130541092129261 
1665	 0.130553988485299 
1666	 0.130599174611676 
1667	 0.130618467289858 
1668	 0.130640816453897 
1669	 0.13064553927053 
1670	 0.13062525436856 
1671	 0.130622570329837 
1672	 0.130619827269497 
1673	 0.13061618182843 
1674	 0.130619533843605 
1675	 0.130618696035642 
1676	 0.130606114201392 
1677	 0.130608924557929 
1678	 0.130626930406361 
1679	 0.130631227880367 
1680	 0.130635601464018 
1681	 0.130638479615885 
1682	 0.130624623997152 
1683	 0.130631865756074 
1684	 0.130656224021328 
1685	 0.130669845007882 
1686	 0.130689150766386 
1687	 0.130702949403757 
1688	 0.130713895024941 
1689	 0.130715411702709 
1690	 0.130704012682859 
1691	 0.130711294516415 
1692	 0.130713874837166 
1693	 0.130728265357671 
1694	 0.130778623693571 
1695	 0.130787614902018 
1696	 0.130781677558936 
1697	 0.130768044798088 
1698	 0.130718679642829 
1699	 0.130701582818786 
1700	 0.130702247211649 
1701	 0.13068636077386 
1702	 0.130663892992976 
1703	 0.13066262835077 
1704	 0.130660762194291 
1705	 0.130663716160873 
1706	 0.130695750622688 
1707	 0.130709396618797 
1708	 0.130706795125215 
1709	 0.130711046885759 
1710	 0.130716899690406 
1711	 0.130726842217812 
1712	 0.130738430535028 
1713	 0.130749178676047 
1714	 0.130769738346902 
1715	 0.130772091952876 
1716	 0.130755907456416 
1717	 0.130759092988482 
1718	 0.130761782892504 
1719	 0.130772818542595 
1720	 0.130809737893047 
1721	 0.13081306804866 
1722	 0.130803666542982 
1723	 0.130786835991502 
1724	 0.130744780943172 
1725	 0.13072554266335 
1726	 0.130712471685621 
1727	 0.130696657840168 
1728	 0.130684827841454 
1729	 0.130674698734659 
1730	 0.130659245789354 
1731	 0.130658912082197 
1732	 0.130677365902292 
1733	 0.130674881613399 
1734	 0.13066746119035 
1735	 0.130663087033239 
1736	 0.130653977694646 
1737	 0.130640734234302 
1738	 0.130630039950414 
1739	 0.130614026831624 
1740	 0.130588128937575 
1741	 0.130560887343081 
1742	 0.130529608058937 
1743	 0.130518756434395 
1744	 0.130507000038473 
1745	 0.130495856988946 
1746	 0.130508082169864 
1747	 0.130484317193675 
1748	 0.130471786600078 
1749	 0.130479610169075 
1750	 0.13046347212557 
1751	 0.130455166803679 
1752	 0.130468332392892 
1753	 0.13047301478971 
1754	 0.130475055350825 
1755	 0.130464599597787 
1756	 0.130440114623147 
1757	 0.130424460274064 
1758	 0.130422175290882 
1759	 0.130419449520308 
1760	 0.130407393031974 
1761	 0.130395559923165 
1762	 0.13038028864026 
1763	 0.130365258787565 
1764	 0.130376394180408 
1765	 0.130389235795136 
1766	 0.13037496173728 
1767	 0.130378255783792 
1768	 0.130374821714878 
1769	 0.130348536798926 
1770	 0.130358412073702 
1771	 0.130356333004433 
1772	 0.130349025167748 
1773	 0.130357296134195 
1774	 0.130321150897426 
1775	 0.130297138089929 
1776	 0.130294114277228 
1777	 0.130286173850195 
1778	 0.130294532092606 
1779	 0.130279838282893 
1780	 0.130262281212923 
1781	 0.130256686671622 
1782	 0.130266432926418 
1783	 0.130305315024929 
1784	 0.130322088970805 
1785	 0.130327286188424 
1786	 0.130330314393712 
1787	 0.130323379147633 
1788	 0.130330300684328 
1789	 0.130341424497491 
1790	 0.130342500181256 
1791	 0.130346448300154 
1792	 0.130352764655969 
1793	 0.13036048366375 
1794	 0.130363326825827 
1795	 0.13035720401449 
1796	 0.130361122345045 
1797	 0.130360996790544 
1798	 0.130371060746525 
1799	 0.130399589132398 
1800	 0.130420201157757 
1801	 0.127773431751161 
1802	 0.127819677211004 
1803	 0.127866263886588 
1804	 0.127883654904612 
1805	 0.127896608968052 
1806	 0.12792780493888 
1807	 0.12791174082267 
1808	 0.127911951239966 
1809	 0.127932668223402 
1810	 0.127944670622491 
1811	 0.127931241798693 
1812	 0.127942616845097 
1813	 0.127985023471792 
1814	 0.128000011396891 
1815	 0.128021753051475 
1816	 0.128043608529039 
1817	 0.128051991934395 
1818	 0.128043967889175 
1819	 0.128052455054889 
1820	 0.128042567768507 
1821	 0.128076818607245 
1822	 0.128153409645549 
1823	 0.12818140363819 
1824	 0.128220836822961 
1825	 0.128244045431245 
1826	 0.128221694542974 
1827	 0.128227525663295 
1828	 0.128237871255754 
1829	 0.128263948543729 
1830	 0.128271250586171 
1831	 0.128273965448823 
1832	 0.128280001139547 
1833	 0.128276585626343 
1834	 0.12827603040521 
1835	 0.128297852204639 
1836	 0.128314182375173 
1837	 0.128331194171844 
1838	 0.128336300606391 
1839	 0.128346540698753 
1840	 0.128354446182713 
1841	 0.128363820121119 
1842	 0.128358690195749 
1843	 0.128375073719469 
1844	 0.128380398174698 
1845	 0.12836504585994 
1846	 0.128367545930882 
1847	 0.128374499380538 
1848	 0.128373889890044 
1849	 0.128391064650475 
1850	 0.128401230381891 
1851	 0.128421604815191 
1852	 0.128414533092429 
1853	 0.128400369399404 
1854	 0.128363615946676 
1855	 0.128307513722807 
1856	 0.128268959636825 
1857	 0.128234492088146 
1858	 0.128223873770437 
1859	 0.128233527603314 
1860	 0.128214631913579 
1861	 0.128184798488886 
1862	 0.128144569868266 
1863	 0.128116056058758 
1864	 0.128081998201613 
1865	 0.128045071359456 
1866	 0.128036283851586 
1867	 0.128023422481772 
1868	 0.127989815331488 
1869	 0.127962105659139 
1870	 0.127912228860441 
1871	 0.127856016816498 
1872	 0.127777185804148 
1873	 0.12770173351794 
1874	 0.127623320164559 
1875	 0.127543566398574 
1876	 0.127453833068392 
1877	 0.127361526306067 
1878	 0.127269110643493 
1879	 0.127175657881795 
1880	 0.127066321609431 
1881	 0.126949185315383 
1882	 0.126813438801301 
1883	 0.12665778498593 
1884	 0.12650059166041 
1885	 0.126340614415502 
1886	 0.126171465681654 
1887	 0.125997443609339 
1888	 0.125805199508269 
1889	 0.125578926545242 
1890	 0.125359528335495 
1891	 0.125127015872224 
1892	 0.124876495377921 
1893	 0.124618165879905 
1894	 0.124358581580018 
1895	 0.124071963054405 
1896	 0.123778221317933 
1897	 0.123502843710785 
1898	 0.123216302849004 
1899	 0.122926593829828 
1900	 0.122640079309107 
1901	 0.122337188047328 
1902	 0.122055365035155 
1903	 0.121790577869079 
1904	 0.121528077323513 
1905	 0.121271039353586 
1906	 0.121033024802853 
1907	 0.120785753635107 
1908	 0.120520080382377 
1909	 0.120278283811625 
1910	 0.120036467402245 
1911	 0.119808943644549 
1912	 0.119608933054561 
1913	 0.11942189710192 
1914	 0.119255128988826 
1915	 0.11909307064533 
1916	 0.118949656293721 
1917	 0.118811175548368 
1918	 0.118655870783691 
1919	 0.118494762803907 
1920	 0.118353597971892 
1921	 0.118220495019999 
1922	 0.118107284698319 
1923	 0.118007789308714 
1924	 0.117914925562247 
1925	 0.117836465690625 
1926	 0.117749424283337 
1927	 0.117655248532959 
1928	 0.117595706715389 
1929	 0.117527680541134 
1930	 0.11743365026502 
1931	 0.117391235834815 
1932	 0.117352127479229 
1933	 0.117305892060801 
1934	 0.117322397758781 
1935	 0.117327311649415 
1936	 0.117347003442373 
1937	 0.117352729344016 
1938	 0.117357495421933 
1939	 0.11736771972732 
1940	 0.117367506126632 
1941	 0.117388447065577 
1942	 0.117415758471319 
1943	 0.117443350942891 
1944	 0.117500657348567 
1945	 0.11756101049785 
1946	 0.117627492934778 
1947	 0.117732147336809 
1948	 0.117801111127671 
1949	 0.117847035292893 
1950	 0.117907082230825 
1951	 0.117964184177931 
1952	 0.118004132116837 
1953	 0.118084621573153 
1954	 0.118178155732159 
1955	 0.118267135040136 
1956	 0.118373555258506 
1957	 0.118461037189991 
1958	 0.118543850628732 
1959	 0.118614049874118 
1960	 0.118669391372572 
1961	 0.118728125473725 
1962	 0.118774707454639 
1963	 0.118829138888174 
1964	 0.118883241997808 
1965	 0.118948890735134 
1966	 0.119011469091203 
1967	 0.119066101171854 
1968	 0.119128924032403 
1969	 0.119186039794102 
1970	 0.119260638019903 
1971	 0.119347011989198 
1972	 0.119437388036934 
1973	 0.11955926860147 
1974	 0.119645456633602 
1975	 0.119704194051316 
1976	 0.119781229830957 
1977	 0.119876790711877 
1978	 0.119958393536186 
1979	 0.120085257851131 
1980	 0.120205076209491 
1981	 0.120299290955663 
1982	 0.120369779251922 
1983	 0.12044669091741 
1984	 0.120503144889528 
1985	 0.120577134126435 
1986	 0.120665128940882 
1987	 0.120735149178556 
1988	 0.120798131325134 
1989	 0.120870002862105 
1990	 0.120922452869251 
1991	 0.120982311883052 
1992	 0.121052916972252 
1993	 0.12113460837104 
1994	 0.121214653007397 
1995	 0.121299079188443 
1996	 0.121384653650405 
1997	 0.121484250173453 
1998	 0.121568402923628 
1999	 0.12164578026706 
2000	 0.12172350043031 
2001	 0.121798776031284 
2002	 0.121857145422658 
2003	 0.12192553274164 
2004	 0.122006892051542 
2005	 0.122079435427441 
2006	 0.12214922964644 
2007	 0.122222077778493 
2008	 0.122289559870602 
2009	 0.122369385768008 
2010	 0.12246239741135 
2011	 0.122542541993972 
2012	 0.122611568813825 
2013	 0.122700500780652 
2014	 0.122784457670718 
2015	 0.122888443025995 
2016	 0.123011354530471 
2017	 0.12313874479379 
2018	 0.123246415436074 
2019	 0.123336820069988 
2020	 0.123442907092522 
2021	 0.123543795991271 
2022	 0.123650637342583 
2023	 0.12377655808042 
2024	 0.123888847354751 
2025	 0.123983287054771 
2026	 0.124095418982277 
2027	 0.124220832023067 
2028	 0.124329631323919 
2029	 0.124450888603222 
2030	 0.124592837622666 
2031	 0.124706474770801 
2032	 0.12480491202906 
2033	 0.12491354521399 
2034	 0.125015279350211 
2035	 0.125119067766781 
2036	 0.125229354970517 
2037	 0.125334670928711 
2038	 0.125434804169251 
2039	 0.125533983810537 
2040	 0.125632516410439 
2041	 0.125732788934023 
2042	 0.125827267937193 
2043	 0.1259212048831 
2044	 0.126000207963617 
2045	 0.126064759130427 
2046	 0.126140452849205 
2047	 0.126210521512637 
2048	 0.126280934079011 
2049	 0.126360063008562 
2050	 0.126433099096045 
2051	 0.126482619742883 
2052	 0.12655946482094 
2053	 0.126673389684617 
2054	 0.126754245285302 
2055	 0.126835176060752 
2056	 0.126904532214175 
2057	 0.126965344120926 
2058	 0.126989088630027 
2059	 0.127048012634998 
2060	 0.127121277908998 
2061	 0.12719148397864 
2062	 0.127273036584833 
2063	 0.127341262294299 
2064	 0.127402663166359 
2065	 0.127470034757167 
2066	 0.127523090882294 
2067	 0.127597378536862 
2068	 0.127700281721082 
2069	 0.12778283920697 
2070	 0.127861260327526 
2071	 0.127948538176198 
2072	 0.128011882828303 
2073	 0.128054486441135 
2074	 0.128098746326275 
2075	 0.128126047442588 
2076	 0.128174244996836 
2077	 0.128221239708363 
2078	 0.128276633288447 
2079	 0.128346521657335 
2080	 0.128416301655132 
2081	 0.128491342729181 
2082	 0.128564461787568 
2083	 0.128651728388226 
2084	 0.128724432161752 
2085	 0.128787935563486 
2086	 0.128835690961418 
2087	 0.128900161106438 
2088	 0.128972580454042 
2089	 0.129022466957764 
2090	 0.129064056180615 
2091	 0.129116101730418 
2092	 0.129134001165876 
2093	 0.129194141748911 
2094	 0.129309173822696 
2095	 0.12938743056483 
2096	 0.129462192899442 
2097	 0.129537032356383 
2098	 0.129601164118971 
2099	 0.12965116201779 
2100	 0.12971813697966 
2101	 0.129794171700616 
2102	 0.129871954086264 
2103	 0.129956354080098 
2104	 0.130032023676649 
2105	 0.130115950323526 
2106	 0.130184497508191 
2107	 0.130239137678218 
2108	 0.13029532110144 
2109	 0.130345565824386 
2110	 0.130395858393977 
2111	 0.130428728172952 
2112	 0.130485368606153 
2113	 0.130551037140892 
2114	 0.130619453332859 
2115	 0.130711121438788 
2116	 0.130828326791046 
2117	 0.130939134498558 
2118	 0.131073362346436 
2119	 0.131175044291967 
2120	 0.131281794888406 
2121	 0.131353371184376 
2122	 0.131379168688628 
2123	 0.131431228101045 
2124	 0.131480857180643 
2125	 0.131521024551419 
2126	 0.131567038028562 
2127	 0.131607391943504 
2128	 0.131608075020777 
2129	 0.131645611853726 
2130	 0.131716008742856 
2131	 0.13177805724829 
2132	 0.131834363394377 
2133	 0.131912941412421 
2134	 0.131956774046397 
2135	 0.131969685799948 
2136	 0.131996898472384 
2137	 0.13202925934489 
2138	 0.132040185912409 
2139	 0.132037703972272 
2140	 0.132038380624392 
2141	 0.132024508471022 
2142	 0.132011603337907 
2143	 0.132015568408818 
2144	 0.131995507889651 
2145	 0.131964433846522 
2146	 0.131916439218041 
2147	 0.13183544389954 
2148	 0.131759785335673 
2149	 0.13170225700809 
2150	 0.131641272728669 
2151	 0.131592260767495 
2152	 0.131578242103712 
2153	 0.131525146535409 
2154	 0.131459975080602 
2155	 0.131386459022901 
2156	 0.13127717227367 
2157	 0.131204773340727 
2158	 0.131151626104717 
2159	 0.131081582978789 
2160	 0.131037775138404 
2161	 0.130962819122623 
2162	 0.130852201738571 
2163	 0.130749678638414 
2164	 0.130635298478347 
2165	 0.130524048868343 
2166	 0.130419209842238 
2167	 0.130316411185538 
2168	 0.130219557237553 
2169	 0.130131501911067 
2170	 0.130036441533001 
2171	 0.129933211762359 
2172	 0.129849409341421 
2173	 0.129783328721798 
2174	 0.1296980794165 
2175	 0.129626597002392 
2176	 0.129534203091456 
2177	 0.12939261155773 
2178	 0.129293206372538 
2179	 0.129222163297113 
2180	 0.129133527664256 
2181	 0.129057422182076 
2182	 0.128977008664115 
2183	 0.128897864288662 
2184	 0.128782648471438 
2185	 0.128685267367038 
2186	 0.128592185858878 
2187	 0.128504684152242 
2188	 0.128409769435199 
2189	 0.128331238696248 
2190	 0.128271636420908 
2191	 0.128200732875393 
2192	 0.128122156945657 
2193	 0.128062028073077 
2194	 0.128015701813106 
2195	 0.127959490165311 
2196	 0.127912931187689 
2197	 0.127860701400835 
2198	 0.12777936463327 
2199	 0.127730762080716 
2200	 0.127708650967834 
2201	 0.127680019546815 
2202	 0.127647131011965 
2203	 0.127655526499003 
2204	 0.127639201394501 
2205	 0.127612244014578 
2206	 0.127593850596801 
2207	 0.127576016773377 
2208	 0.127567581638812 
2209	 0.127561140352656 
2210	 0.127566374825243 
2211	 0.127588177826632 
2212	 0.12759838391312 
2213	 0.127611791225028 
2214	 0.127624005179996 
2215	 0.127626128982882 
2216	 0.127643786763822 
2217	 0.127680435134489 
2218	 0.127694999665203 
2219	 0.127704977947102 
2220	 0.1277143192134 
2221	 0.127693076554393 
2222	 0.127705189497998 
2223	 0.127730986259321 
2224	 0.127751529228136 
2225	 0.127768487436428 
2226	 0.127789443712394 
2227	 0.127806693568144 
2228	 0.127810802354286 
2229	 0.127832212486075 
2230	 0.127865570259934 
2231	 0.127894394629761 
2232	 0.127921523115563 
2233	 0.127963478100749 
2234	 0.128016252415461 
2235	 0.128059645318715 
2236	 0.128123952891088 
2237	 0.128159903075152 
2238	 0.128173416919074 
2239	 0.128188468029875 
2240	 0.128182077866906 
2241	 0.12819117898626 
2242	 0.128194431718279 
2243	 0.128215523617449 
2244	 0.128260627019681 
2245	 0.128299748584766 
2246	 0.128322067258464 
2247	 0.128360183561293 
2248	 0.128398106069193 
2249	 0.128431266619053 
2250	 0.128456741611998 
2251	 0.128498548275605 
2252	 0.1285131765015 
2253	 0.128493641444816 
2254	 0.128498061539568 
2255	 0.128491879582109 
2256	 0.128520862475621 
2257	 0.128575405592957 
2258	 0.128621300481158 
2259	 0.128696757533955 
2260	 0.128742412954063 
2261	 0.128785886074387 
2262	 0.128801538372778 
2263	 0.12877620233426 
2264	 0.12878009273851 
2265	 0.128767272883551 
2266	 0.128770782649163 
2267	 0.128789734750695 
2268	 0.128828891395483 
2269	 0.128896295294857 
2270	 0.12894378590604 
2271	 0.128993668201645 
2272	 0.129056620025174 
2273	 0.129078750289726 
2274	 0.129077243904852 
2275	 0.129102708795213 
2276	 0.12913601640423 
2277	 0.129168400866485 
2278	 0.129206286357649 
2279	 0.12925149633122 
2280	 0.129330138331555 
2281	 0.129336451126436 
2282	 0.129301634777266 
2283	 0.1292993583037 
2284	 0.129239203569698 
2285	 0.129241126371978 
2286	 0.129316836700637 
2287	 0.12935147568704 
2288	 0.129380455620419 
2289	 0.129414246602026 
2290	 0.129439441812059 
2291	 0.129474242501046 
2292	 0.129535561136962 
2293	 0.129567124429284 
2294	 0.129573669936106 
2295	 0.129595673703874 
2296	 0.129605544651226 
2297	 0.129613211529999 
2298	 0.129687565676113 
2299	 0.129743020755653 
2300	 0.129770932446368 
2301	 0.129789394217499 
2302	 0.129770101882361 
2303	 0.129749200012592 
2304	 0.129721112620176 
2305	 0.129733128248363 
2306	 0.129724152083525 
2307	 0.129701116531882 
2308	 0.129687758196938 
2309	 0.129688091791167 
2310	 0.129662046172202 
2311	 0.129631044925962 
2312	 0.129589915544535 
2313	 0.129504944992744 
2314	 0.129486807969098 
2315	 0.129493855737853 
2316	 0.129493723115024 
2317	 0.129535469024922 
2318	 0.129553207670411 
2319	 0.129560488250746 
2320	 0.12956618319761 
2321	 0.129565097287371 
2322	 0.12957275208852 
2323	 0.129574809711284 
2324	 0.129578579674895 
2325	 0.129604852299964 
2326	 0.129608947313153 
2327	 0.129601742265475 
2328	 0.129570143058858 
2329	 0.129533685866246 
2330	 0.129570738815353 
2331	 0.129644511764104 
2332	 0.129679054684363 
2333	 0.129687583277291 
2334	 0.129720734361987 
2335	 0.129751978963663 
2336	 0.129761970133225 
2337	 0.129774041161305 
2338	 0.129734342278964 
2339	 0.129654433786253 
2340	 0.129619190040102 
2341	 0.129667261692419 
2342	 0.129723720761835 
2343	 0.129769485659708 
2344	 0.129797139744633 
2345	 0.129771331959215 
2346	 0.129682647389258 
2347	 0.12961815751472 
2348	 0.129521244258162 
2349	 0.129435385406703 
2350	 0.129316839209366 
2351	 0.12927598819114 
2352	 0.129290021230154 
2353	 0.129274666373623 
2354	 0.129311476947603 
2355	 0.129303205300295 
2356	 0.129227529205665 
2357	 0.129199460126304 
2358	 0.129223244650457 
2359	 0.12920322644619 
2360	 0.1291816857395 
2361	 0.129119478499331 
2362	 0.128991872938601 
2363	 0.128894710445239 
2364	 0.128778815726902 
2365	 0.128693115640184 
2366	 0.128629536014445 
2367	 0.128579816447562 
2368	 0.128558380525119 
2369	 0.128529247487097 
2370	 0.128517388289752 
2371	 0.12850067345203 
2372	 0.128450557283534 
2373	 0.128362907515201 
2374	 0.128258007304732 
2375	 0.128139536450513 
2376	 0.128036483289874 
2377	 0.127970946485395 
2378	 0.12797043250478 
2379	 0.127971640477133 
2380	 0.127921337517776 
2381	 0.127898308840096 
2382	 0.127779066168403 
2383	 0.127642589476444 
2384	 0.127594756642322 
2385	 0.127506022022495 
2386	 0.127483129918107 
2387	 0.127466672128256 
2388	 0.127383533711575 
2389	 0.127271961049274 
2390	 0.127130833618064 
2391	 0.126989411348434 
2392	 0.126902047077399 
2393	 0.126890234149438 
2394	 0.126854520042318 
2395	 0.126830988251217 
2396	 0.126822616857458 
2397	 0.126757374060809 
2398	 0.126721523182022 
2399	 0.126675561307142 
2400	 0.126569372285518 
2401	 0.126497666278838 
2402	 0.126464931930417 
2403	 0.126476628614163 
2404	 0.126455203492818 
2405	 0.126388200696 
2406	 0.126303137059636 
2407	 0.126123580984519 
2408	 0.126001755997725 
2409	 0.126016957301894 
2410	 0.125954183049984 
2411	 0.12585415185314 
2412	 0.125842143455307 
2413	 0.125731160069915 
2414	 0.125587050330666 
2415	 0.125541158876598 
2416	 0.12545696186276 
2417	 0.125303462354678 
2418	 0.125206398289014 
2419	 0.125148196956983 
2420	 0.125123146695818 
2421	 0.125165173306909 
2422	 0.12510648265377 
2423	 0.125027565540511 
2424	 0.12493114675906 
2425	 0.124711407370645 
2426	 0.124614166854463 
2427	 0.124614235615687 
2428	 0.124541551949839 
2429	 0.124465851229908 
2430	 0.124438751194127 
2431	 0.124441261937235 
2432	 0.124359350755277 
2433	 0.124285682948109 
2434	 0.124139868265843 
2435	 0.123855509730698 
2436	 0.1237237778669 
2437	 0.123644672220749 
2438	 0.123563666645872 
2439	 0.123528254214695 
2440	 0.123463092849173 
2441	 0.123393287762994 
2442	 0.123336342770541 
2443	 0.123299755358766 
2444	 0.123284944404446 
2445	 0.123287860684864 
2446	 0.123204533894942 
2447	 0.123118816932819 
2448	 0.122944609754879 
2449	 0.122626879065352 
2450	 0.122505257497679 
2451	 0.12244822743096 
2452	 0.122397315011452 
2453	 0.122440161069153 
2454	 0.122444170585727 
2455	 0.122439801840091 
2456	 0.122352153964917 
2457	 0.122242450324547 
2458	 0.122122480949324 
2459	 0.121925793066188 
2460	 0.121842285201611 
2461	 0.121847304844295 
2462	 0.121723096485481 
2463	 0.121465683756124 
2464	 0.121336325837505 
2465	 0.121263798806287 
2466	 0.121210093996153 
2467	 0.121312296475951 
2468	 0.12135817225609 
2469	 0.121274956993086 
2470	 0.121299857144318 
2471	 0.121290532693962 
2472	 0.12112705673562 
2473	 0.121035185112786 
2474	 0.120831485083011 
2475	 0.120741226347488 
2476	 0.120771289526462 
2477	 0.120762429635317 
2478	 0.120844622817194 
2479	 0.120826356881865 
2480	 0.120728813359567 
2481	 0.120529844553678 
2482	 0.120331185931858 
2483	 0.120265430556544 
2484	 0.120139462836772 
2485	 0.120090468089651 
2486	 0.120022235865584 
2487	 0.119948319674597 
2488	 0.119946293052664 
2489	 0.119864022673209 
2490	 0.119925499445236 
2491	 0.119871638412103 
2492	 0.119785789345952 
2493	 0.119944680980076 
2494	 0.119901522621453 
2495	 0.119786516753959 
2496	 0.119876357069265 
2497	 0.119691213019541 
2498	 0.119468196794813 
2499	 0.119639366829544 
2500	 0.119604042475502 
